           4           1  0.5132002392796674    
  1 115.29435650   0.00003736 -0.0000002786140  0.0000005895627  0.9999999999998
  2   0.00002122 109.47120467  0.9428091344532  0.0000003491070 -0.3333330706538
  3 120.00003424 109.47125787 -0.4714049004471  0.8164961115926 -0.3333339460491
  4 240.00004402 109.47119936 -0.4714039553921 -0.8164970502623 -0.3333329832969
  1    3        2 3   3 3   4 3
  1  2  1.6329932
  1  3  1.6329932
  1  4  1.6329932
  2    3        1 3   3 3   4 3
  2  1  1.6329932
  2  3  1.6329931
  2  4  1.6329931
  3    3        1 3   2 3   4 3
  3  1  1.6329932
  3  2  1.6329931
  3  4  1.6329932
  4    3        1 3   2 3   3 3
  4  1  1.6329932
  4  2  1.6329931
  4  3  1.6329932
   1.6329931   1.6329932
