
          5           7  0.8660254037844386    
 1   0.00000000   0.00000000  0.0000000000000  0.0000000000000  1.0000000000000
 2   0.00002623  90.00000000  0.9999999999999  0.0000004578243  0.0000000000000
 3 120.00002649  90.00000000 -0.5000004003746  0.8660251726279  0.0000000000000
 4 240.00002636  90.00000000 -0.4999996015689 -0.8660256338186  0.0000000000000
 5   0.00000000 180.00000000  0.0000000000000  0.0000000000000 -1.0000000000000
 1    3        2 4   3 4   4 4
 1  2  1.4142135
 1  3  1.4142135
 1  4  1.4142135
 2    4        1 3   3 4   4 4   5 3
 2  1  1.4142135
 2  3  1.7320509
 2  4  1.7320509
 2  5  1.4142135
 3    4        1 3   2 4   4 4   5 3
 3  1  1.4142135
 3  2  1.7320509
 3  4  1.7320508
 3  5  1.4142135
 4    4        1 3   2 4   3 4   5 3
 4  1  1.4142135
 4  2  1.7320509
 4  3  1.7320508
 4  5  1.4142135
 5    3        2 4   3 4   4 4
 5  2  1.4142135
 5  3  1.4142135
 5  4  1.4142135
  1.4142135   1.7320509
