
          7          11   1.585094193825256    
 1   0.00000000   0.00000000  0.0000000000000  0.0000000000000  1.0000000000000
 2   0.00001458  90.00000000  1.0000000000000  0.0000002544959  0.0000000000000
 3  72.00001439  90.00000000  0.3090167555199  0.9510565939038  0.0000000000000
 4 144.00001447  90.00000000 -0.8090171427936  0.5877850480117  0.0000000000000
 5 216.00001455  90.00000000 -0.8090168451582 -0.5877854576717  0.0000000000000
 6 288.00001456  90.00000000  0.3090172361138 -0.9510564377494  0.0000000000000
 7   0.00000000 180.00000000  0.0000000000000  0.0000000000000 -1.0000000000000
 1    5        2 4   3 4   4 4   5 4   6 4
 1  2  1.4142135
 1  3  1.4142135
 1  4  1.4142135
 1  5  1.4142135
 1  6  1.4142135
 2    4        1 5   3 4   6 4   7 5
 2  1  1.4142135
 2  3  1.1755705
 2  6  1.1755705
 2  7  1.4142135
 3    4        1 5   2 4   4 4   7 5
 3  1  1.4142135
 3  2  1.1755705
 3  4  1.1755705
 3  7  1.4142135
 4    4        1 5   3 4   5 4   7 5
 4  1  1.4142135
 4  3  1.1755705
 4  5  1.1755706
 4  7  1.4142135
 5    4        1 5   4 4   6 4   7 5
 5  1  1.4142135
 5  4  1.1755706
 5  6  1.1755706
 5  7  1.4142135
 6    4        1 5   2 4   5 4   7 5
 6  1  1.4142135
 6  2  1.1755705
 6  5  1.1755706
 6  7  1.4142135
 7    5        2 4   3 4   4 4   5 4   6 4
 7  2  1.4142135
 7  3  1.4142135
 7  4  1.4142135
 7  5  1.4142135
 7  6  1.4142135
  1.1755705   1.4142135
