
          8          13   1.815716104224420    
 1 180.00000767  34.69270953 -0.5691749069905 -0.0000000762096  0.8222164710417
 2 359.99999239  34.69271692  0.5691750130596 -0.0000000756107  0.8222163976160
 3  89.99999911  75.92185499  0.0000000150297  0.9699648696290  0.2432450445242
 4 270.00000095  75.92186578  0.0000000161033 -0.9699649153968  0.2432448620204
 5   0.00000139 104.07814335  0.9699648766666  0.0000000235620 -0.2432450164609
 6 179.99999869 104.07813616 -0.9699649071897  0.0000000222058 -0.2432448947469
 7  90.00000523 145.30728133 -0.0000000519849  0.5691750381889 -0.8222163802203
 8 269.99999485 145.30729234 -0.0000000511891 -0.5691748801597 -0.8222164896152
 1    4        2 4   3 5   4 5   6 5
 1  2  1.1383499
 1  3  1.2649111
 1  4  1.2649111
 1  6  1.1383500
 2    4        1 4   3 5   4 5   5 5
 2  1  1.1383499
 2  3  1.2649111
 2  4  1.2649112
 2  5  1.1383499
 3    5        1 4   2 4   5 5   6 5   7 4
 3  1  1.2649111
 3  2  1.2649111
 3  5  1.4554505
 3  6  1.4554505
 3  7  1.1383499
 4    5        1 4   2 4   5 5   6 5   8 4
 4  1  1.2649111
 4  2  1.2649112
 4  5  1.4554505
 4  6  1.4554505
 4  8  1.1383500
 5    5        2 4   3 5   4 5   7 4   8 4
 5  2  1.1383499
 5  3  1.4554505
 5  4  1.4554505
 5  7  1.2649112
 5  8  1.2649111
 6    5        1 4   3 5   4 5   7 4   8 4
 6  1  1.1383500
 6  3  1.4554505
 6  4  1.4554505
 6  7  1.2649112
 6  8  1.2649111
 7    4        3 5   5 5   6 5   8 4
 7  3  1.1383499
 7  5  1.2649112
 7  6  1.2649112
 7  8  1.1383500
 8    4        4 5   5 5   6 5   7 4
 8  4  1.1383500
 8  5  1.2649111
 8  6  1.2649111
 8  7  1.1383500
  1.1383499   1.4554505
