
          9          15   2.043750115899640    
 1   0.00000222  47.05857617  0.7320505582472  0.0000000283590  0.6812503065467
 2 120.00001865  47.05860786 -0.3660256738894  0.6339745875074  0.6812499016137
 3 239.99998514  47.05860721 -0.3660256281358 -0.6339746050498  0.6812499098714
 4 300.00000216  89.99998912  0.5000000326984 -0.8660253849060  0.0000001898611
 5  60.00000192  89.99998980  0.4999999710090  0.8660254205224  0.0000001780664
 6 180.00000206  90.00002100 -0.9999999999999 -0.0000000359078 -0.0000003664868
 7   0.00000163 132.94138193  0.7320510564829  0.0000000207964 -0.6812497711576
 8 119.99998518 132.94141362 -0.3660251758589  0.6339745801719 -0.6812501760244
 9 240.00001918 132.94141294 -0.3660251315884 -0.6339746149808 -0.6812501674169
 1    5        2 5   3 5   4 4   5 4   7 5
 1  2  1.2679492
 1  3  1.2679492
 1  4  1.1260325
 1  5  1.1260326
 1  7  1.3625002
 2    5        1 5   3 5   5 4   6 4   8 5
 2  1  1.2679492
 2  3  1.2679492
 2  5  1.1260326
 2  6  1.1260325
 2  8  1.3625001
 3    5        1 5   2 5   4 4   6 4   9 5
 3  1  1.2679492
 3  2  1.2679492
 3  4  1.1260325
 3  6  1.1260325
 3  9  1.3625001
 4    4        1 5   3 5   7 5   9 5
 4  1  1.1260325
 4  3  1.1260325
 4  7  1.1260325
 4  9  1.1260325
 5    4        1 5   2 5   7 5   8 5
 5  1  1.1260326
 5  2  1.1260326
 5  7  1.1260326
 5  8  1.1260325
 6    4        2 5   3 5   8 5   9 5
 6  2  1.1260325
 6  3  1.1260325
 6  8  1.1260325
 6  9  1.1260325
 7    5        1 5   4 4   5 4   8 5   9 5
 7  1  1.3625002
 7  4  1.1260325
 7  5  1.1260326
 7  8  1.2679492
 7  9  1.2679492
 8    5        2 5   5 4   6 4   7 5   9 5
 8  2  1.3625001
 8  5  1.1260325
 8  6  1.1260325
 8  7  1.2679492
 8  9  1.2679492
 9    5        3 5   4 4   6 4   7 5   8 5
 9  3  1.3625001
 9  4  1.1260325
 9  6  1.1260325
 9  7  1.2679492
 9  8  1.2679492
  1.1260325   1.3625002
