
         10          17   2.218711131545399    
 1 174.15082489   0.00000112 -0.0000000193619  0.0000000019835  1.0000000000000
 2   0.00000001  62.89908166  0.8902055030251  0.0000000001553  0.4555591755017
 3  90.00000065  62.89908306 -0.0000000101037  0.8902055141478  0.4555591537670
 4 269.99999924  62.89908279 -0.0000000118567 -0.8902055119977  0.4555591579684
 5 179.99999984  62.89908415 -0.8902055228236  0.0000000024240  0.4555591368136
 6 315.00000040 117.10091613  0.6294703646311 -0.6294703558088 -0.4555591412859
 7  44.99999946 117.10091647  0.6294703642537  0.6294703524540 -0.4555591464428
 8 225.00000051 117.10091801 -0.6294703440479 -0.6294703552486 -0.4555591705008
 9 134.99999959 117.10091825 -0.6294703437798  0.6294703528968 -0.4555591741209
10 352.80907653 179.99999858  0.0000000245182 -0.0000000030934 -1.0000000000000
 1    4        2 5   3 5   4 5   5 5
 1  2  1.0434949
 1  3  1.0434949
 1  4  1.0434949
 1  5  1.0434949
 2    5        1 4   3 5   4 5   6 5   7 5
 2  1  1.0434949
 2  3  1.2589407
 2  4  1.2589407
 2  6  1.1376961
 2  7  1.1376961
 3    5        1 4   2 5   5 5   7 5   9 5
 3  1  1.0434949
 3  2  1.2589407
 3  5  1.2589407
 3  7  1.1376961
 3  9  1.1376961
 4    5        1 4   2 5   5 5   6 5   8 5
 4  1  1.0434949
 4  2  1.2589407
 4  5  1.2589407
 4  6  1.1376961
 4  8  1.1376961
 5    5        1 4   3 5   4 5   8 5   9 5
 5  1  1.0434949
 5  3  1.2589407
 5  4  1.2589407
 5  8  1.1376961
 5  9  1.1376961
 6    5        2 5   4 5   7 5   8 5  10 4
 6  2  1.1376961
 6  4  1.1376961
 6  7  1.2589407
 6  8  1.2589407
 6 10  1.0434949
 7    5        2 5   3 5   6 5   9 5  10 4
 7  2  1.1376961
 7  3  1.1376961
 7  6  1.2589407
 7  9  1.2589407
 7 10  1.0434949
 8    5        4 5   5 5   6 5   9 5  10 4
 8  4  1.1376961
 8  5  1.1376961
 8  6  1.2589407
 8  9  1.2589407
 8 10  1.0434949
 9    5        3 5   5 5   7 5   8 5  10 4
 9  3  1.1376961
 9  5  1.1376961
 9  7  1.2589407
 9  8  1.2589407
 9 10  1.0434949
10    4        6 5   7 5   8 5   9 5
10  6  1.0434949
10  7  1.0434949
10  8  1.0434949
10  9  1.0434949
  1.0434949   1.2589407
