
         11          19   2.354634495068615    
 1  49.72297154   0.00000208  0.0000000234717  0.0000000276994  1.0000000000000
 2   0.00000093  60.68480251  0.8719394349054  0.0000000142245  0.4896137476183
 3 179.99999913  60.68479982 -0.8719394119136  0.0000000132433  0.4896137885637
 4  59.56220230  78.23454547  0.4959591850315  0.8440656975128  0.2039058240099
 5 120.43779726  78.23454410 -0.4959591760846  0.8440656971215  0.2039058473912
 6 300.43779811  78.23454271  0.4959591861021 -0.8440656854964  0.2039058711477
 7 239.56220245  78.23454136 -0.4959591754425 -0.8440656861918  0.2039058941963
 8 359.99999906 121.36960368  0.8538270810588 -0.0000000140369 -0.5205567362456
 9 180.00000100 121.36960098 -0.8538271055118 -0.0000000148766 -0.5205566961373
10 269.99999821 143.48542607 -0.0000000186066 -0.5950272389997 -0.8037055336679
11  90.00000185 143.48542927 -0.0000000192095  0.5950271940705 -0.8037055669314
 1    6        2 4   3 4   4 5   5 5   6 5   7 5
 1  2  1.0103329
 1  3  1.0103328
 1  4  1.2618195
 1  5  1.2618195
 1  6  1.2618194
 1  7  1.2618195
 2    4        1 6   4 5   6 5   8 5
 2  1  1.0103329
 2  4  0.9671800
 2  6  0.9671799
 2  8  1.0103328
 3    4        1 6   5 5   7 5   9 5
 3  1  1.0103328
 3  5  0.9671800
 3  7  0.9671800
 3  9  1.0103328
 4    5        1 6   2 4   5 5   8 5  11 5
 4  1  1.2618195
 4  2  0.9671800
 4  5  0.9919184
 4  8  1.1684872
 4 11  1.1503376
 5    5        1 6   3 4   4 5   9 5  11 5
 5  1  1.2618195
 5  3  0.9671800
 5  4  0.9919184
 5  9  1.1684872
 5 11  1.1503375
 6    5        1 6   2 4   7 5   8 5  10 5
 6  1  1.2618194
 6  2  0.9671799
 6  7  0.9919184
 6  8  1.1684872
 6 10  1.1503375
 7    5        1 6   3 4   6 5   9 5  10 5
 7  1  1.2618195
 7  3  0.9671800
 7  6  0.9919184
 7  9  1.1684872
 7 10  1.1503375
 8    5        2 4   4 5   6 5  10 5  11 5
 8  2  1.0103328
 8  4  1.1684872
 8  6  1.1684872
 8 10  1.0785413
 8 11  1.0785413
 9    5        3 4   5 5   7 5  10 5  11 5
 9  3  1.0103328
 9  5  1.1684872
 9  7  1.1684872
 9 10  1.0785414
 9 11  1.0785413
10    5        6 5   7 5   8 5   9 5  11 5
10  6  1.1503375
10  7  1.1503375
10  8  1.0785413
10  9  1.0785414
10 11  1.1900545
11    5        4 5   5 5   8 5   9 5  10 5
11  4  1.1503376
11  5  1.1503375
11  8  1.0785413
11  9  1.0785413
11 10  1.1900545
  0.9671799   1.2618195
