 1: 1[2 3 4 5 6] 2[1 6 7 8 3] 3[1 2 8 9 4] 4[1 3 9 10 11 5] 5[1 4 11 6] 6[1 5 11 7 2] 7[2 6 11 12 8] 8[2 7 12 9 3] 9[3 8 12 10 4] 10[4 9 12 11] 11[4 10 12 7 6 5] 12[7 11 10 9 8]
 2: 1[2 3 4 5 6] 2[1 6 7 8 3] 3[1 2 8 9 4] 4[1 3 9 10 5] 5[1 4 10 11 6] 6[1 5 11 7 2] 7[2 6 11 12 8] 8[2 7 12 9 3] 9[3 8 12 10 4] 10[4 9 12 11 5] 11[5 10 12 7 6] 12[7 11 10 9 8]
 3: 1[2 3 4 5 6] 2[1 6 7 3] 3[1 2 7 8 4] 4[1 3 8 9 5] 5[1 4 9 10 6] 6[1 5 10 7 2] 7[2 6 10 11 12 8 3] 8[3 7 12 9 4] 9[4 8 12 11 10 5] 10[5 9 11 7 6] 11[7 10 9 12] 12[7 11 9 8]
 4: 1[2 3 4 5] 2[1 5 6 7 8 9 3] 3[1 2 9 4] 4[1 3 9 10 11 5] 5[1 4 11 6 2] 6[2 5 11 12 7] 7[2 6 12 8] 8[2 7 12 9] 9[2 8 12 10 4 3] 10[4 9 12 11] 11[4 10 12 6 5] 12[6 11 10 9 8 7]
 5: 1[2 3 4 5] 2[1 5 6 7 3] 3[1 2 7 8 9 10 4] 4[1 3 10 5] 5[1 4 10 11 12 6 2] 6[2 5 12 7] 7[2 6 12 11 8 3] 8[3 7 11 9] 9[3 8 11 10] 10[3 9 11 5 4] 11[5 10 9 8 7 12] 12[5 11 7 6]
 6: 1[2 3 4 5] 2[1 5 6 7 3] 3[1 2 7 8 9 10 4] 4[1 3 10 5] 5[1 4 10 11 6 2] 6[2 5 11 7] 7[2 6 11 12 8 3] 8[3 7 12 9] 9[3 8 12 11 10] 10[3 9 11 5 4] 11[5 10 9 12 7 6] 12[7 11 9 8]
 7: 1[2 3 4 5] 2[1 5 6 7 3] 3[1 2 7 8 9 10 4] 4[1 3 10 5] 5[1 4 10 11 6 2] 6[2 5 11 7] 7[2 6 11 8 3] 8[3 7 11 12 9] 9[3 8 12 10] 10[3 9 12 11 5 4] 11[5 10 12 8 7 6] 12[8 11 10 9]
 8: 1[2 3 4 5 6] 2[1 6 7 8 9 10 11 3] 3[1 2 11 4] 4[1 3 11 12 5] 5[1 4 12 7 6] 6[1 5 7 2] 7[2 6 5 12 8] 8[2 7 12 9] 9[2 8 12 10] 10[2 9 12 11] 11[2 10 12 4 3] 12[4 11 10 9 8 7 5]
 9: 1[2 3 4 5] 2[1 5 6 7 8 9 10 3] 3[1 2 10 4] 4[1 3 10 11 12 5] 5[1 4 12 6 2] 6[2 5 12 11 7] 7[2 6 11 8] 8[2 7 11 9] 9[2 8 11 10] 10[2 9 11 4 3] 11[4 10 9 8 7 6 12] 12[4 11 6 5]
 10: 1[2 3 4 5] 2[1 5 6 7 8 9 10 11 3] 3[1 2 11 4] 4[1 3 11 12 5] 5[1 4 12 6 2] 6[2 5 12 7] 7[2 6 12 8] 8[2 7 12 9] 9[2 8 12 10] 10[2 9 12 11] 11[2 10 12 4 3] 12[4 11 10 9 8 7 6 5]
 11: 1[2 3 4 5] 2[1 5 6 7 8 9 10 3] 3[1 2 10 4] 4[1 3 10 11 5] 5[1 4 11 12 6 2] 6[2 5 12 7] 7[2 6 12 11 8] 8[2 7 11 9] 9[2 8 11 10] 10[2 9 11 4 3] 11[4 10 9 8 7 12 5] 12[5 11 7 6]
 12: 1[2 3 4 5 6] 2[1 6 7 8 9 10 11 3] 3[1 2 11 4] 4[1 3 11 5] 5[1 4 11 12 6] 6[1 5 12 7 2] 7[2 6 12 8] 8[2 7 12 9] 9[2 8 12 10] 10[2 9 12 11] 11[2 10 12 5 4 3] 12[5 11 10 9 8 7 6]
 13: 1[2 3 4 5] 2[1 5 6 7 8 3] 3[1 2 8 9 10 11 12 4] 4[1 3 12 5] 5[1 4 12 6 2] 6[2 5 12 7] 7[2 6 12 11 10 9 8] 8[2 7 9 3] 9[3 8 7 10] 10[3 9 7 11] 11[3 10 7 12] 12[3 11 7 6 5 4]
 14: 1[2 3 4 5 6] 2[1 6 7 8 9 3] 3[1 2 9 4] 4[1 3 9 10 5] 5[1 4 10 6] 6[1 5 10 7 2] 7[2 6 10 11 12 8] 8[2 7 12 9] 9[2 8 12 11 10 4 3] 10[4 9 11 7 6 5] 11[7 10 9 12] 12[7 11 9 8]
 15: 1[2 3 4 5 6] 2[1 6 7 8 3] 3[1 2 8 9 4] 4[1 3 9 10 11 12 5] 5[1 4 12 7 6] 6[1 5 7 2] 7[2 6 5 12 11 8] 8[2 7 11 10 9 3] 9[3 8 10 4] 10[4 9 8 11] 11[4 10 8 7 12] 12[4 11 7 5]
 16: 1[2 3 4 5 6 7] 2[1 7 8 9 3] 3[1 2 9 10 4] 4[1 3 10 11 12 8 5] 5[1 4 8 6] 6[1 5 8 7] 7[1 6 8 2] 8[2 7 6 5 4 12 9] 9[2 8 12 11 10 3] 10[3 9 11 4] 11[4 10 9 12] 12[4 11 9 8]
 17: 1[2 3 4 5 6 7] 2[1 7 8 3] 3[1 2 8 4] 4[1 3 8 9 5] 5[1 4 9 10 6] 6[1 5 10 7] 7[1 6 10 11 12 8 2] 8[2 7 12 9 4 3] 9[4 8 12 11 10 5] 10[5 9 11 7 6] 11[7 10 9 12] 12[7 11 9 8]
 18: 1[2 3 4 5] 2[1 5 6 3] 3[1 2 6 7 4] 4[1 3 7 8 5] 5[1 4 8 9 10 6 2] 6[2 5 10 11 7 3] 7[3 6 11 12 8 4] 8[4 7 12 9 5] 9[5 8 12 11 10] 10[5 9 11 6] 11[6 10 9 12 7] 12[7 11 9 8]
 19: 1[2 3 4 5] 2[1 5 6 3] 3[1 2 6 7 4] 4[1 3 7 8 5] 5[1 4 8 9 10 6 2] 6[2 5 10 7 3] 7[3 6 10 11 12 8 4] 8[4 7 12 9 5] 9[5 8 12 11 10] 10[5 9 11 7 6] 11[7 10 9 12] 12[7 11 9 8]
 20: 1[2 3 4 5] 2[1 5 6 3] 3[1 2 6 7 4] 4[1 3 7 8 5] 5[1 4 8 9 10 6 2] 6[2 5 10 7 3] 7[3 6 10 11 8 4] 8[4 7 11 12 9 5] 9[5 8 12 10] 10[5 9 12 11 7 6] 11[7 10 12 8] 12[8 11 10 9]
 21: 1[2 3 4 5] 2[1 5 6 3] 3[1 2 6 7 4] 4[1 3 7 8 5] 5[1 4 8 9 10 11 6 2] 6[2 5 11 7 3] 7[3 6 11 12 8 4] 8[4 7 12 9 5] 9[5 8 12 10] 10[5 9 12 11] 11[5 10 12 7 6] 12[7 11 10 9 8]
 22: 1[2 3 4 5] 2[1 5 6 7 3] 3[1 2 7 8 4] 4[1 3 8 9 5] 5[1 4 9 10 11 6 2] 6[2 5 11 7] 7[2 6 11 8 3] 8[3 7 11 12 9 4] 9[4 8 12 10 5] 10[5 9 12 11] 11[5 10 12 8 7 6] 12[8 11 10 9]
 23: 1[2 3 4 5 6] 2[1 6 7 3] 3[1 2 7 8 4] 4[1 3 8 9 5] 5[1 4 9 10 11 7 6] 6[1 5 7 2] 7[2 6 5 11 8 3] 8[3 7 11 12 9 4] 9[4 8 12 10 5] 10[5 9 12 11] 11[5 10 12 8 7] 12[8 11 10 9]
 24: 1[2 3 4 5] 2[1 5 6 7 3] 3[1 2 7 8 9 10 11 4] 4[1 3 11 5] 5[1 4 11 12 6 2] 6[2 5 12 9 8 7] 7[2 6 8 3] 8[3 7 6 9] 9[3 8 6 12 10] 10[3 9 12 11] 11[3 10 12 5 4] 12[5 11 10 9 6]
 25: 1[2 3 4 5] 2[1 5 6 7 3] 3[1 2 7 8 9 10 11 12 4] 4[1 3 12 5] 5[1 4 12 11 10 6 2] 6[2 5 10 9 8 7] 7[2 6 8 3] 8[3 7 6 9] 9[3 8 6 10] 10[3 9 6 5 11] 11[3 10 5 12] 12[3 11 5 4]
 26: 1[2 3 4 5 6] 2[1 6 7 8 3] 3[1 2 8 9 10 11 12 4] 4[1 3 12 5] 5[1 4 12 6] 6[1 5 12 11 7 2] 7[2 6 11 10 9 8] 8[2 7 9 3] 9[3 8 7 10] 10[3 9 7 11] 11[3 10 7 6 12] 12[3 11 6 5 4]
 27: 1[2 3 4 5] 2[1 5 6 7 8 3] 3[1 2 8 9 10 4] 4[1 3 10 11 12 7 6 5] 5[1 4 6 2] 6[2 5 4 7] 7[2 6 4 12 9 8] 8[2 7 9 3] 9[3 8 7 12 11 10] 10[3 9 11 4] 11[4 10 9 12] 12[4 11 9 7]
 28: 1[2 3 4 5] 2[1 5 6 7 3] 3[1 2 7 8 9 4] 4[1 3 9 10 11 5] 5[1 4 11 6 2] 6[2 5 11 10 12 7] 7[2 6 12 8 3] 8[3 7 12 9] 9[3 8 12 10 4] 10[4 9 12 6 11] 11[4 10 6 5] 12[6 10 9 8 7]
 29: 1[2 3 4 5] 2[1 5 6 7 3] 3[1 2 7 8 9 4] 4[1 3 9 10 6 5] 5[1 4 6 2] 6[2 5 4 10 11 7] 7[2 6 11 12 8 3] 8[3 7 12 9] 9[3 8 12 10 4] 10[4 9 12 11 6] 11[6 10 12 7] 12[7 11 10 9 8]
 30: 1[2 3 4 5 6] 2[1 6 7 8 3] 3[1 2 8 9 10 4] 4[1 3 10 5] 5[1 4 10 11 7 6] 6[1 5 7 2] 7[2 6 5 11 12 8] 8[2 7 12 9 3] 9[3 8 12 10] 10[3 9 12 11 5 4] 11[5 10 12 7] 12[7 11 10 9 8]
 31: 1[2 3 4 5] 2[1 5 6 7 8 3] 3[1 2 8 9 4] 4[1 3 9 10 5] 5[1 4 10 11 6 2] 6[2 5 11 12 7] 7[2 6 12 8] 8[2 7 12 10 9 3] 9[3 8 10 4] 10[4 9 8 12 11 5] 11[5 10 12 6] 12[6 11 10 8 7]
 32: 1[2 3 4 5 6] 2[1 6 7 8 9 3] 3[1 2 9 4] 4[1 3 9 10 5] 5[1 4 10 6] 6[1 5 10 11 7 2] 7[2 6 11 12 8] 8[2 7 12 9] 9[2 8 12 10 4 3] 10[4 9 12 11 6 5] 11[6 10 12 7] 12[7 11 10 9 8]
 33: 1[2 3 4 5] 2[1 5 6 7 8 3] 3[1 2 8 9 10 4] 4[1 3 10 5] 5[1 4 10 11 6 2] 6[2 5 11 7] 7[2 6 11 12 8] 8[2 7 12 9 3] 9[3 8 12 11 10] 10[3 9 11 5 4] 11[5 10 9 12 7 6] 12[7 11 9 8]
 34: 1[2 3 4 5] 2[1 5 6 7 8 3] 3[1 2 8 9 10 4] 4[1 3 10 5] 5[1 4 10 6 2] 6[2 5 10 9 11 12 7] 7[2 6 12 8] 8[2 7 12 11 9 3] 9[3 8 11 6 10] 10[3 9 6 5 4] 11[6 9 8 12] 12[6 11 8 7]
 35: 1[2 3 4 5 6] 2[1 6 7 8 9 3] 3[1 2 9 10 11 4] 4[1 3 11 5] 5[1 4 11 6] 6[1 5 11 7 2] 7[2 6 11 10 12 8] 8[2 7 12 9] 9[2 8 12 10 3] 10[3 9 12 7 11] 11[3 10 7 6 5 4] 12[7 10 9 8]
 36: 1[2 3 4 5 6] 2[1 6 7 3] 3[1 2 7 8 4] 4[1 3 8 9 10 5] 5[1 4 10 11 6] 6[1 5 11 12 7 2] 7[2 6 12 8 3] 8[3 7 12 9 4] 9[4 8 12 11 10] 10[4 9 11 5] 11[5 10 9 12 6] 12[6 11 9 8 7]
 37: 1[2 3 4 5 6] 2[1 6 7 8 9 10 3] 3[1 2 10 4] 4[1 3 10 11 5] 5[1 4 11 12 7 6] 6[1 5 7 2] 7[2 6 5 12 8] 8[2 7 12 9] 9[2 8 12 11 10] 10[2 9 11 4 3] 11[4 10 9 12 5] 12[5 11 9 8 7]
 38: 1[2 3 4 5] 2[1 5 6 7 8 9 10 3] 3[1 2 10 4] 4[1 3 10 11 5] 5[1 4 11 12 6 2] 6[2 5 12 7] 7[2 6 12 8] 8[2 7 12 9] 9[2 8 12 11 10] 10[2 9 11 4 3] 11[4 10 9 12 5] 12[5 11 9 8 7 6]
 39: 1[2 3 4 5] 2[1 5 6 7 8 9 3] 3[1 2 9 4] 4[1 3 9 10 5] 5[1 4 10 11 12 6 2] 6[2 5 12 7] 7[2 6 12 11 8] 8[2 7 11 10 9] 9[2 8 10 4 3] 10[4 9 8 11 5] 11[5 10 8 7 12] 12[5 11 7 6]
 40: 1[2 3 4 5] 2[1 5 6 7 8 9 3] 3[1 2 9 4] 4[1 3 9 10 5] 5[1 4 10 11 6 2] 6[2 5 11 7] 7[2 6 11 12 8] 8[2 7 12 9] 9[2 8 12 10 4 3] 10[4 9 12 11 5] 11[5 10 12 7 6] 12[7 11 10 9 8]
 41: 1[2 3 4 5 6] 2[1 6 7 8 9 10 3] 3[1 2 10 4] 4[1 3 10 5] 5[1 4 10 11 6] 6[1 5 11 12 7 2] 7[2 6 12 8] 8[2 7 12 9] 9[2 8 12 11 10] 10[2 9 11 5 4 3] 11[5 10 9 12 6] 12[6 11 9 8 7]
 42: 1[2 3 4 5] 2[1 5 6 7 3] 3[1 2 7 8 9 4] 4[1 3 9 5] 5[1 4 9 10 6 2] 6[2 5 10 11 12 7] 7[2 6 12 8 3] 8[3 7 12 11 10 9] 9[3 8 10 5 4] 10[5 9 8 11 6] 11[6 10 8 12] 12[6 11 8 7]
 43: 1[2 3 4 5 6] 2[1 6 7 8 3] 3[1 2 8 9 10 4] 4[1 3 10 5] 5[1 4 10 6] 6[1 5 10 11 7 2] 7[2 6 11 12 8] 8[2 7 12 9 3] 9[3 8 12 11 10] 10[3 9 11 6 5 4] 11[6 10 9 12 7] 12[7 11 9 8]
 44: 1[2 3 4 5] 2[1 5 6 3] 3[1 2 6 7 8 4] 4[1 3 8 9 10 5] 5[1 4 10 11 6 2] 6[2 5 11 12 7 3] 7[3 6 12 9 8] 8[3 7 9 4] 9[4 8 7 12 10] 10[4 9 12 11 5] 11[5 10 12 6] 12[6 11 10 9 7]
 45: 1[2 3 4 5] 2[1 5 6 3] 3[1 2 6 7 8 4] 4[1 3 8 9 5] 5[1 4 9 10 6 2] 6[2 5 10 11 7 3] 7[3 6 11 12 8] 8[3 7 12 9 4] 9[4 8 12 10 5] 10[5 9 12 11 6] 11[6 10 12 7] 12[7 11 10 9 8]
 46: 1[2 3 4 5] 2[1 5 6 7 3] 3[1 2 7 8 9 4] 4[1 3 9 10 5] 5[1 4 10 11 6 2] 6[2 5 11 12 8 7] 7[2 6 8 3] 8[3 7 6 12 9] 9[3 8 12 10 4] 10[4 9 12 11 5] 11[5 10 12 6] 12[6 11 10 9 8]
 47: 1[2 3 4 5] 2[1 5 6 7 8 3] 3[1 2 8 4] 4[1 3 8 9 10 5] 5[1 4 10 11 6 2] 6[2 5 11 9 12 7] 7[2 6 12 8] 8[2 7 12 9 4 3] 9[4 8 12 6 11 10] 10[4 9 11 5] 11[5 10 9 6] 12[6 9 8 7]
 48: 1[2 3 4 5] 2[1 5 6 7 8 3] 3[1 2 8 9 4] 4[1 3 9 10 11 5] 5[1 4 11 6 2] 6[2 5 11 10 12 7] 7[2 6 12 9 8] 8[2 7 9 3] 9[3 8 7 12 10 4] 10[4 9 12 6 11] 11[4 10 6 5] 12[6 10 9 7]
 49: 1[2 3 4 5] 2[1 5 6 7 8 3] 3[1 2 8 4] 4[1 3 8 9 10 5] 5[1 4 10 11 6 2] 6[2 5 11 7] 7[2 6 11 12 8] 8[2 7 12 9 4 3] 9[4 8 12 11 10] 10[4 9 11 5] 11[5 10 9 12 7 6] 12[7 11 9 8]
 50: 1[2 3 4 5] 2[1 5 6 7 8 3] 3[1 2 8 9 10 4] 4[1 3 10 11 6 5] 5[1 4 6 2] 6[2 5 4 11 7] 7[2 6 11 10 12 8] 8[2 7 12 9 3] 9[3 8 12 10] 10[3 9 12 7 11 4] 11[4 10 7 6] 12[7 10 9 8]
 51: 1[2 3 4 5] 2[1 5 6 7 8 9 3] 3[1 2 9 10 11 4] 4[1 3 11 8 7 6 5] 5[1 4 6 2] 6[2 5 4 7] 7[2 6 4 8] 8[2 7 4 11 12 9] 9[2 8 12 10 3] 10[3 9 12 11] 11[3 10 12 8 4] 12[8 11 10 9]
 52: 1[2 3 4 5] 2[1 5 6 7 8 3] 3[1 2 8 9 10 4] 4[1 3 10 7 6 5] 5[1 4 6 2] 6[2 5 4 7] 7[2 6 4 10 11 8] 8[2 7 11 12 9 3] 9[3 8 12 10] 10[3 9 12 11 7 4] 11[7 10 12 8] 12[8 11 10 9]
 53: 1[2 3 4 5 6] 2[1 6 7 8 9 3] 3[1 2 9 10 11 4] 4[1 3 11 8 7 5] 5[1 4 7 6] 6[1 5 7 2] 7[2 6 5 4 8] 8[2 7 4 11 12 9] 9[2 8 12 10 3] 10[3 9 12 11] 11[3 10 12 8 4] 12[8 11 10 9]
 54: 1[2 3 4 5] 2[1 5 6 7 8 9 3] 3[1 2 9 10 4] 4[1 3 10 11 12 6 5] 5[1 4 6 2] 6[2 5 4 12 7] 7[2 6 12 11 8] 8[2 7 11 10 9] 9[2 8 10 3] 10[3 9 8 11 4] 11[4 10 8 7 12] 12[4 11 7 6]
 55: 1[2 3 4 5] 2[1 5 6 7 8 9 3] 3[1 2 9 4] 4[1 3 9 10 11 6 5] 5[1 4 6 2] 6[2 5 4 11 7] 7[2 6 11 12 8] 8[2 7 12 10 9] 9[2 8 10 4 3] 10[4 9 8 12 11] 11[4 10 12 7 6] 12[7 11 10 8]
 56: 1[2 3 4 5] 2[1 5 6 7 8 9 3] 3[1 2 9 4] 4[1 3 9 10 11 6 5] 5[1 4 6 2] 6[2 5 4 11 12 7] 7[2 6 12 8] 8[2 7 12 10 9] 9[2 8 10 4 3] 10[4 9 8 12 11] 11[4 10 12 6] 12[6 11 10 8 7]
 57: 1[2 3 4 5] 2[1 5 6 7 8 9 3] 3[1 2 9 4] 4[1 3 9 10 11 6 5] 5[1 4 6 2] 6[2 5 4 11 12 7] 7[2 6 12 10 8] 8[2 7 10 9] 9[2 8 10 4 3] 10[4 9 8 7 12 11] 11[4 10 12 6] 12[6 11 10 7]
 58: 1[2 3 4 5] 2[1 5 6 7 8 9 3] 3[1 2 9 4] 4[1 3 9 8 10 6 5] 5[1 4 6 2] 6[2 5 4 10 11 12 7] 7[2 6 12 8] 8[2 7 12 11 10 4 9] 9[2 8 4 3] 10[4 8 11 6] 11[6 10 8 12] 12[6 11 8 7]
 59: 1[2 3 4 5] 2[1 5 6 7 8 9 3] 3[1 2 9 4] 4[1 3 9 10 11 12 5] 5[1 4 12 6 2] 6[2 5 12 11 7] 7[2 6 11 8] 8[2 7 11 10 9] 9[2 8 10 4 3] 10[4 9 8 11] 11[4 10 8 7 6 12] 12[4 11 6 5]
 60: 1[2 3 4 5] 2[1 5 6 7 8 9 3] 3[1 2 9 4] 4[1 3 9 10 7 11 5] 5[1 4 11 12 6 2] 6[2 5 12 7] 7[2 6 12 11 4 10 8] 8[2 7 10 9] 9[2 8 10 4 3] 10[4 9 8 7] 11[4 7 12 5] 12[5 11 7 6]
 61: 1[2 3 4 5] 2[1 5 6 3] 3[1 2 6 7 8 9 10 4] 4[1 3 10 5] 5[1 4 10 9 11 12 6 2] 6[2 5 12 7 3] 7[3 6 12 11 8] 8[3 7 11 9] 9[3 8 11 5 10] 10[3 9 5 4] 11[5 9 8 7 12] 12[5 11 7 6]
 62: 1[2 3 4 5] 2[1 5 6 3] 3[1 2 6 7 8 9 10 4] 4[1 3 10 5] 5[1 4 10 9 8 11 6 2] 6[2 5 11 12 7 3] 7[3 6 12 8] 8[3 7 12 11 5 9] 9[3 8 5 10] 10[3 9 5 4] 11[5 8 12 6] 12[6 11 8 7]
 63: 1[2 3 4 5] 2[1 5 6 3] 3[1 2 6 7 8 9 10 4] 4[1 3 10 5] 5[1 4 10 11 8 12 6 2] 6[2 5 12 7 3] 7[3 6 12 8] 8[3 7 12 5 11 9] 9[3 8 11 10] 10[3 9 11 5 4] 11[5 10 9 8] 12[5 8 7 6]
 64: 1[2 3 4 5] 2[1 5 6 7 3] 3[1 2 7 8 9 10 11 4] 4[1 3 11 6 5] 5[1 4 6 2] 6[2 5 4 11 10 9 12 7] 7[2 6 12 8 3] 8[3 7 12 9] 9[3 8 12 6 10] 10[3 9 6 11] 11[3 10 6 4] 12[6 9 8 7]
 65: 1[2 3 4 5] 2[1 5 6 7 8 9 10 11 3] 3[1 2 11 4] 4[1 3 11 12 9 8 7 6 5] 5[1 4 6 2] 6[2 5 4 7] 7[2 6 4 8] 8[2 7 4 9] 9[2 8 4 12 10] 10[2 9 12 11] 11[2 10 12 4 3] 12[4 11 10 9]
 66: 1[2 3 4 5] 2[1 5 6 7 8 9 10 11 12 3] 3[1 2 12 4] 4[1 3 12 11 10 9 8 7 6 5] 5[1 4 6 2] 6[2 5 4 7] 7[2 6 4 8] 8[2 7 4 9] 9[2 8 4 10] 10[2 9 4 11] 11[2 10 4 12] 12[2 11 4 3]
 67: 1[2 3 4 5] 2[1 5 6 7 3] 3[1 2 7 8 4] 4[1 3 8 5] 5[1 4 8 9 10 6 2] 6[2 5 10 11 7] 7[2 6 11 12 8 3] 8[3 7 12 9 5 4] 9[5 8 12 11 10] 10[5 9 11 6] 11[6 10 9 12 7] 12[7 11 9 8]
 68: 1[2 3 4 5] 2[1 5 6 7 8 3] 3[1 2 8 9 4] 4[1 3 9 5] 5[1 4 9 10 11 6 2] 6[2 5 11 7] 7[2 6 11 8] 8[2 7 11 12 9 3] 9[3 8 12 10 5 4] 10[5 9 12 11] 11[5 10 12 8 7 6] 12[8 11 10 9]
 69: 1[2 3 4 5] 2[1 5 6 7 3] 3[1 2 7 8 4] 4[1 3 8 9 5] 5[1 4 9 10 11 6 2] 6[2 5 11 7] 7[2 6 11 12 8 3] 8[3 7 12 10 9 4] 9[4 8 10 5] 10[5 9 8 12 11] 11[5 10 12 7 6] 12[7 11 10 8]
 70: 1[2 3 4 5] 2[1 5 6 7 3] 3[1 2 7 8 4] 4[1 3 8 9 6 5] 5[1 4 6 2] 6[2 5 4 9 10 11 7] 7[2 6 11 12 8 3] 8[3 7 12 10 9 4] 9[4 8 10 6] 10[6 9 8 12 11] 11[6 10 12 7] 12[7 11 10 8]
 71: 1[2 3 4 5] 2[1 5 6 3] 3[1 2 6 7 8 9 10 4] 4[1 3 10 5] 5[1 4 10 11 6 2] 6[2 5 11 12 7 3] 7[3 6 12 8] 8[3 7 12 11 9] 9[3 8 11 10] 10[3 9 11 5 4] 11[5 10 9 8 12 6] 12[6 11 8 7]
 72: 1[2 3 4 5] 2[1 5 6 7 3] 3[1 2 7 8 4] 4[1 3 8 5] 5[1 4 8 9 10 11 6 2] 6[2 5 11 7] 7[2 6 11 12 8 3] 8[3 7 12 9 5 4] 9[5 8 12 10] 10[5 9 12 11] 11[5 10 12 7 6] 12[7 11 10 9 8]
 73: 1[2 3 4 5] 2[1 5 6 7 3] 3[1 2 7 8 9 4] 4[1 3 9 5] 5[1 4 9 10 11 6 2] 6[2 5 11 12 8 7] 7[2 6 8 3] 8[3 7 6 12 9] 9[3 8 12 10 5 4] 10[5 9 12 11] 11[5 10 12 6] 12[6 11 10 9 8]
 74: 1[2 3 4 5] 2[1 5 6 7 3] 3[1 2 7 8 9 4] 4[1 3 9 5] 5[1 4 9 10 11 6 2] 6[2 5 11 7] 7[2 6 11 12 8 3] 8[3 7 12 9] 9[3 8 12 10 5 4] 10[5 9 12 11] 11[5 10 12 7 6] 12[7 11 10 9 8]
 75: 1[2 3 4 5] 2[1 5 6 7 3] 3[1 2 7 8 9 4] 4[1 3 9 6 5] 5[1 4 6 2] 6[2 5 4 9 10 11 7] 7[2 6 11 12 8 3] 8[3 7 12 9] 9[3 8 12 10 6 4] 10[6 9 12 11] 11[6 10 12 7] 12[7 11 10 9 8]
 76: 1[2 3 4 5] 2[1 5 6 3] 3[1 2 6 7 4] 4[1 3 7 8 5] 5[1 4 8 9 10 6 2] 6[2 5 10 11 7 3] 7[3 6 11 12 9 8 4] 8[4 7 9 5] 9[5 8 7 12 10] 10[5 9 12 11 6] 11[6 10 12 7] 12[7 11 10 9]
 77: 1[2 3 4 5] 2[1 5 6 7 3] 3[1 2 7 8 4] 4[1 3 8 5] 5[1 4 8 9 10 6 2] 6[2 5 10 7] 7[2 6 10 11 8 3] 8[3 7 11 12 9 5 4] 9[5 8 12 10] 10[5 9 12 11 7 6] 11[7 10 12 8] 12[8 11 10 9]
 78: 1[2 3 4 5 6 7 8] 2[1 8 9 3] 3[1 2 9 10 11 4] 4[1 3 11 5] 5[1 4 11 6] 6[1 5 11 7] 7[1 6 11 12 9 8] 8[1 7 9 2] 9[2 8 7 12 10 3] 10[3 9 12 11] 11[3 10 12 7 6 5 4] 12[7 11 10 9]
 79: 1[2 3 4 5 6] 2[1 6 7 3] 3[1 2 7 8 9 4] 4[1 3 9 10 5] 5[1 4 10 11 6] 6[1 5 11 12 7 2] 7[2 6 12 8 3] 8[3 7 12 10 9] 9[3 8 10 4] 10[4 9 8 12 11 5] 11[5 10 12 6] 12[6 11 10 8 7]
 80: 1[2 3 4 5] 2[1 5 6 7 3] 3[1 2 7 8 4] 4[1 3 8 5] 5[1 4 8 9 10 11 6 2] 6[2 5 11 7] 7[2 6 11 12 9 8 3] 8[3 7 9 5 4] 9[5 8 7 12 10] 10[5 9 12 11] 11[5 10 12 7 6] 12[7 11 10 9]
 81: 1[2 3 4 5 6] 2[1 6 7 3] 3[1 2 7 8 9 10 4] 4[1 3 10 5] 5[1 4 10 11 8 7 6] 6[1 5 7 2] 7[2 6 5 8 3] 8[3 7 5 11 12 9] 9[3 8 12 10] 10[3 9 12 11 5 4] 11[5 10 12 8] 12[8 11 10 9]
 82: 1[2 3 4 5] 2[1 5 6 7 8 9 3] 3[1 2 9 10 4] 4[1 3 10 5] 5[1 4 10 11 12 6 2] 6[2 5 12 7] 7[2 6 12 11 8] 8[2 7 11 10 9] 9[2 8 10 3] 10[3 9 8 11 5 4] 11[5 10 8 7 12] 12[5 11 7 6]
 83: 1[2 3 4 5 6] 2[1 6 7 8 9 10 3] 3[1 2 10 4] 4[1 3 10 5] 5[1 4 10 11 12 7 6] 6[1 5 7 2] 7[2 6 5 12 8] 8[2 7 12 11 9] 9[2 8 11 10] 10[2 9 11 5 4 3] 11[5 10 9 8 12] 12[5 11 8 7]
 84: 1[2 3 4 5] 2[1 5 6 7 8 9 3] 3[1 2 9 4] 4[1 3 9 10 5] 5[1 4 10 11 12 6 2] 6[2 5 12 7] 7[2 6 12 11 8] 8[2 7 11 9] 9[2 8 11 10 4 3] 10[4 9 11 5] 11[5 10 9 8 7 12] 12[5 11 7 6]
 85: 1[2 3 4 5 6] 2[1 6 7 8 9 10 3] 3[1 2 10 4] 4[1 3 10 11 5] 5[1 4 11 6] 6[1 5 11 7 2] 7[2 6 11 12 8] 8[2 7 12 9] 9[2 8 12 11 10] 10[2 9 11 4 3] 11[4 10 9 12 7 6 5] 12[7 11 9 8]
 86: 1[2 3 4 5 6 7] 2[1 7 8 9 10 11 3] 3[1 2 11 4] 4[1 3 11 5] 5[1 4 11 10 12 8 6] 6[1 5 8 7] 7[1 6 8 2] 8[2 7 6 5 12 9] 9[2 8 12 10] 10[2 9 12 5 11] 11[2 10 5 4 3] 12[5 10 9 8]
 87: 1[2 3 4 5 6] 2[1 6 7 3] 3[1 2 7 8 9 10 11 4] 4[1 3 11 5] 5[1 4 11 12 9 8 7 6] 6[1 5 7 2] 7[2 6 5 8 3] 8[3 7 5 9] 9[3 8 5 12 10] 10[3 9 12 11] 11[3 10 12 5 4] 12[5 11 10 9]
 
  1: 1,2; 1,3; 1,4; 1,5; 1,6; 2,6; 2,7; 2,8; 2,3; 3,8; 3,9; 3,4; 4,9; 4,10; 4,11; 4,5; 5,11; 5,6; 6,11; 6,7; 7,11; 7,12; 7,8; 8,12; 8,9; 9,12; 9,10; 10,12; 10,11; 11,12
  2: 1,2; 1,3; 1,4; 1,5; 1,6; 2,6; 2,7; 2,8; 2,3; 3,8; 3,9; 3,4; 4,9; 4,10; 4,5; 5,10; 5,11; 5,6; 6,11; 6,7; 7,11; 7,12; 7,8; 8,12; 8,9; 9,12; 9,10; 10,12; 10,11; 11,12
  3: 1,2; 1,3; 1,4; 1,5; 1,6; 2,6; 2,7; 2,3; 3,7; 3,8; 3,4; 4,8; 4,9; 4,5; 5,9; 5,10; 5,6; 6,10; 6,7; 7,10; 7,11; 7,12; 7,8; 8,12; 8,9; 9,12; 9,11; 9,10; 10,11; 11,12
  4: 1,2; 1,3; 1,4; 1,5; 2,5; 2,6; 2,7; 2,8; 2,9; 2,3; 3,9; 3,4; 4,9; 4,10; 4,11; 4,5; 5,11; 5,6; 6,11; 6,12; 6,7; 7,12; 7,8; 8,12; 8,9; 9,12; 9,10; 10,12; 10,11; 11,12
  5: 1,2; 1,3; 1,4; 1,5; 2,5; 2,6; 2,7; 2,3; 3,7; 3,8; 3,9; 3,10; 3,4; 4,10; 4,5; 5,10; 5,11; 5,12; 5,6; 6,12; 6,7; 7,12; 7,11; 7,8; 8,11; 8,9; 9,11; 9,10; 10,11; 11,12
  6: 1,2; 1,3; 1,4; 1,5; 2,5; 2,6; 2,7; 2,3; 3,7; 3,8; 3,9; 3,10; 3,4; 4,10; 4,5; 5,10; 5,11; 5,6; 6,11; 6,7; 7,11; 7,12; 7,8; 8,12; 8,9; 9,12; 9,11; 9,10; 10,11; 11,12
  7: 1,2; 1,3; 1,4; 1,5; 2,5; 2,6; 2,7; 2,3; 3,7; 3,8; 3,9; 3,10; 3,4; 4,10; 4,5; 5,10; 5,11; 5,6; 6,11; 6,7; 7,11; 7,8; 8,11; 8,12; 8,9; 9,12; 9,10; 10,12; 10,11; 11,12
  8: 1,2; 1,3; 1,4; 1,5; 1,6; 2,6; 2,7; 2,8; 2,9; 2,10; 2,11; 2,3; 3,11; 3,4; 4,11; 4,12; 4,5; 5,12; 5,7; 5,6; 6,7; 7,12; 7,8; 8,12; 8,9; 9,12; 9,10; 10,12; 10,11; 11,12
  9: 1,2; 1,3; 1,4; 1,5; 2,5; 2,6; 2,7; 2,8; 2,9; 2,10; 2,3; 3,10; 3,4; 4,10; 4,11; 4,12; 4,5; 5,12; 5,6; 6,12; 6,11; 6,7; 7,11; 7,8; 8,11; 8,9; 9,11; 9,10; 10,11; 11,12
  10: 1,2; 1,3; 1,4; 1,5; 2,5; 2,6; 2,7; 2,8; 2,9; 2,10; 2,11; 2,3; 3,11; 3,4; 4,11; 4,12; 4,5; 5,12; 5,6; 6,12; 6,7; 7,12; 7,8; 8,12; 8,9; 9,12; 9,10; 10,12; 10,11; 11,12
  11: 1,2; 1,3; 1,4; 1,5; 2,5; 2,6; 2,7; 2,8; 2,9; 2,10; 2,3; 3,10; 3,4; 4,10; 4,11; 4,5; 5,11; 5,12; 5,6; 6,12; 6,7; 7,12; 7,11; 7,8; 8,11; 8,9; 9,11; 9,10; 10,11; 11,12
  12: 1,2; 1,3; 1,4; 1,5; 1,6; 2,6; 2,7; 2,8; 2,9; 2,10; 2,11; 2,3; 3,11; 3,4; 4,11; 4,5; 5,11; 5,12; 5,6; 6,12; 6,7; 7,12; 7,8; 8,12; 8,9; 9,12; 9,10; 10,12; 10,11; 11,12
  13: 1,2; 1,3; 1,4; 1,5; 2,5; 2,6; 2,7; 2,8; 2,3; 3,8; 3,9; 3,10; 3,11; 3,12; 3,4; 4,12; 4,5; 5,12; 5,6; 6,12; 6,7; 7,12; 7,11; 7,10; 7,9; 7,8; 8,9; 9,10; 10,11; 11,12
  14: 1,2; 1,3; 1,4; 1,5; 1,6; 2,6; 2,7; 2,8; 2,9; 2,3; 3,9; 3,4; 4,9; 4,10; 4,5; 5,10; 5,6; 6,10; 6,7; 7,10; 7,11; 7,12; 7,8; 8,12; 8,9; 9,12; 9,11; 9,10; 10,11; 11,12
  15: 1,2; 1,3; 1,4; 1,5; 1,6; 2,6; 2,7; 2,8; 2,3; 3,8; 3,9; 3,4; 4,9; 4,10; 4,11; 4,12; 4,5; 5,12; 5,7; 5,6; 6,7; 7,12; 7,11; 7,8; 8,11; 8,10; 8,9; 9,10; 10,11; 11,12
  16: 1,2; 1,3; 1,4; 1,5; 1,6; 1,7; 2,7; 2,8; 2,9; 2,3; 3,9; 3,10; 3,4; 4,10; 4,11; 4,12; 4,8; 4,5; 5,8; 5,6; 6,8; 6,7; 7,8; 8,12; 8,9; 9,12; 9,11; 9,10; 10,11; 11,12
  17: 1,2; 1,3; 1,4; 1,5; 1,6; 1,7; 2,7; 2,8; 2,3; 3,8; 3,4; 4,8; 4,9; 4,5; 5,9; 5,10; 5,6; 6,10; 6,7; 7,10; 7,11; 7,12; 7,8; 8,12; 8,9; 9,12; 9,11; 9,10; 10,11; 11,12
  18: 1,2; 1,3; 1,4; 1,5; 2,5; 2,6; 2,3; 3,6; 3,7; 3,4; 4,7; 4,8; 4,5; 5,8; 5,9; 5,10; 5,6; 6,10; 6,11; 6,7; 7,11; 7,12; 7,8; 8,12; 8,9; 9,12; 9,11; 9,10; 10,11; 11,12
  19: 1,2; 1,3; 1,4; 1,5; 2,5; 2,6; 2,3; 3,6; 3,7; 3,4; 4,7; 4,8; 4,5; 5,8; 5,9; 5,10; 5,6; 6,10; 6,7; 7,10; 7,11; 7,12; 7,8; 8,12; 8,9; 9,12; 9,11; 9,10; 10,11; 11,12
  20: 1,2; 1,3; 1,4; 1,5; 2,5; 2,6; 2,3; 3,6; 3,7; 3,4; 4,7; 4,8; 4,5; 5,8; 5,9; 5,10; 5,6; 6,10; 6,7; 7,10; 7,11; 7,8; 8,11; 8,12; 8,9; 9,12; 9,10; 10,12; 10,11; 11,12
  21: 1,2; 1,3; 1,4; 1,5; 2,5; 2,6; 2,3; 3,6; 3,7; 3,4; 4,7; 4,8; 4,5; 5,8; 5,9; 5,10; 5,11; 5,6; 6,11; 6,7; 7,11; 7,12; 7,8; 8,12; 8,9; 9,12; 9,10; 10,12; 10,11; 11,12
  22: 1,2; 1,3; 1,4; 1,5; 2,5; 2,6; 2,7; 2,3; 3,7; 3,8; 3,4; 4,8; 4,9; 4,5; 5,9; 5,10; 5,11; 5,6; 6,11; 6,7; 7,11; 7,8; 8,11; 8,12; 8,9; 9,12; 9,10; 10,12; 10,11; 11,12
  23: 1,2; 1,3; 1,4; 1,5; 1,6; 2,6; 2,7; 2,3; 3,7; 3,8; 3,4; 4,8; 4,9; 4,5; 5,9; 5,10; 5,11; 5,7; 5,6; 6,7; 7,11; 7,8; 8,11; 8,12; 8,9; 9,12; 9,10; 10,12; 10,11; 11,12
  24: 1,2; 1,3; 1,4; 1,5; 2,5; 2,6; 2,7; 2,3; 3,7; 3,8; 3,9; 3,10; 3,11; 3,4; 4,11; 4,5; 5,11; 5,12; 5,6; 6,12; 6,9; 6,8; 6,7; 7,8; 8,9; 9,12; 9,10; 10,12; 10,11; 11,12
  25: 1,2; 1,3; 1,4; 1,5; 2,5; 2,6; 2,7; 2,3; 3,7; 3,8; 3,9; 3,10; 3,11; 3,12; 3,4; 4,12; 4,5; 5,12; 5,11; 5,10; 5,6; 6,10; 6,9; 6,8; 6,7; 7,8; 8,9; 9,10; 10,11; 11,12
  26: 1,2; 1,3; 1,4; 1,5; 1,6; 2,6; 2,7; 2,8; 2,3; 3,8; 3,9; 3,10; 3,11; 3,12; 3,4; 4,12; 4,5; 5,12; 5,6; 6,12; 6,11; 6,7; 7,11; 7,10; 7,9; 7,8; 8,9; 9,10; 10,11; 11,12
  27: 1,2; 1,3; 1,4; 1,5; 2,5; 2,6; 2,7; 2,8; 2,3; 3,8; 3,9; 3,10; 3,4; 4,10; 4,11; 4,12; 4,7; 4,6; 4,5; 5,6; 6,7; 7,12; 7,9; 7,8; 8,9; 9,12; 9,11; 9,10; 10,11; 11,12
  28: 1,2; 1,3; 1,4; 1,5; 2,5; 2,6; 2,7; 2,3; 3,7; 3,8; 3,9; 3,4; 4,9; 4,10; 4,11; 4,5; 5,11; 5,6; 6,11; 6,10; 6,12; 6,7; 7,12; 7,8; 8,12; 8,9; 9,12; 9,10; 10,12; 10,11
  29: 1,2; 1,3; 1,4; 1,5; 2,5; 2,6; 2,7; 2,3; 3,7; 3,8; 3,9; 3,4; 4,9; 4,10; 4,6; 4,5; 5,6; 6,10; 6,11; 6,7; 7,11; 7,12; 7,8; 8,12; 8,9; 9,12; 9,10; 10,12; 10,11; 11,12
  30: 1,2; 1,3; 1,4; 1,5; 1,6; 2,6; 2,7; 2,8; 2,3; 3,8; 3,9; 3,10; 3,4; 4,10; 4,5; 5,10; 5,11; 5,7; 5,6; 6,7; 7,11; 7,12; 7,8; 8,12; 8,9; 9,12; 9,10; 10,12; 10,11; 11,12
  31: 1,2; 1,3; 1,4; 1,5; 2,5; 2,6; 2,7; 2,8; 2,3; 3,8; 3,9; 3,4; 4,9; 4,10; 4,5; 5,10; 5,11; 5,6; 6,11; 6,12; 6,7; 7,12; 7,8; 8,12; 8,10; 8,9; 9,10; 10,12; 10,11; 11,12
  32: 1,2; 1,3; 1,4; 1,5; 1,6; 2,6; 2,7; 2,8; 2,9; 2,3; 3,9; 3,4; 4,9; 4,10; 4,5; 5,10; 5,6; 6,10; 6,11; 6,7; 7,11; 7,12; 7,8; 8,12; 8,9; 9,12; 9,10; 10,12; 10,11; 11,12
  33: 1,2; 1,3; 1,4; 1,5; 2,5; 2,6; 2,7; 2,8; 2,3; 3,8; 3,9; 3,10; 3,4; 4,10; 4,5; 5,10; 5,11; 5,6; 6,11; 6,7; 7,11; 7,12; 7,8; 8,12; 8,9; 9,12; 9,11; 9,10; 10,11; 11,12
  34: 1,2; 1,3; 1,4; 1,5; 2,5; 2,6; 2,7; 2,8; 2,3; 3,8; 3,9; 3,10; 3,4; 4,10; 4,5; 5,10; 5,6; 6,10; 6,9; 6,11; 6,12; 6,7; 7,12; 7,8; 8,12; 8,11; 8,9; 9,11; 9,10; 11,12
  35: 1,2; 1,3; 1,4; 1,5; 1,6; 2,6; 2,7; 2,8; 2,9; 2,3; 3,9; 3,10; 3,11; 3,4; 4,11; 4,5; 5,11; 5,6; 6,11; 6,7; 7,11; 7,10; 7,12; 7,8; 8,12; 8,9; 9,12; 9,10; 10,12; 10,11
  36: 1,2; 1,3; 1,4; 1,5; 1,6; 2,6; 2,7; 2,3; 3,7; 3,8; 3,4; 4,8; 4,9; 4,10; 4,5; 5,10; 5,11; 5,6; 6,11; 6,12; 6,7; 7,12; 7,8; 8,12; 8,9; 9,12; 9,11; 9,10; 10,11; 11,12
  37: 1,2; 1,3; 1,4; 1,5; 1,6; 2,6; 2,7; 2,8; 2,9; 2,10; 2,3; 3,10; 3,4; 4,10; 4,11; 4,5; 5,11; 5,12; 5,7; 5,6; 6,7; 7,12; 7,8; 8,12; 8,9; 9,12; 9,11; 9,10; 10,11; 11,12
  38: 1,2; 1,3; 1,4; 1,5; 2,5; 2,6; 2,7; 2,8; 2,9; 2,10; 2,3; 3,10; 3,4; 4,10; 4,11; 4,5; 5,11; 5,12; 5,6; 6,12; 6,7; 7,12; 7,8; 8,12; 8,9; 9,12; 9,11; 9,10; 10,11; 11,12
  39: 1,2; 1,3; 1,4; 1,5; 2,5; 2,6; 2,7; 2,8; 2,9; 2,3; 3,9; 3,4; 4,9; 4,10; 4,5; 5,10; 5,11; 5,12; 5,6; 6,12; 6,7; 7,12; 7,11; 7,8; 8,11; 8,10; 8,9; 9,10; 10,11; 11,12
  40: 1,2; 1,3; 1,4; 1,5; 2,5; 2,6; 2,7; 2,8; 2,9; 2,3; 3,9; 3,4; 4,9; 4,10; 4,5; 5,10; 5,11; 5,6; 6,11; 6,7; 7,11; 7,12; 7,8; 8,12; 8,9; 9,12; 9,10; 10,12; 10,11; 11,12
  41: 1,2; 1,3; 1,4; 1,5; 1,6; 2,6; 2,7; 2,8; 2,9; 2,10; 2,3; 3,10; 3,4; 4,10; 4,5; 5,10; 5,11; 5,6; 6,11; 6,12; 6,7; 7,12; 7,8; 8,12; 8,9; 9,12; 9,11; 9,10; 10,11; 11,12
  42: 1,2; 1,3; 1,4; 1,5; 2,5; 2,6; 2,7; 2,3; 3,7; 3,8; 3,9; 3,4; 4,9; 4,5; 5,9; 5,10; 5,6; 6,10; 6,11; 6,12; 6,7; 7,12; 7,8; 8,12; 8,11; 8,10; 8,9; 9,10; 10,11; 11,12
  43: 1,2; 1,3; 1,4; 1,5; 1,6; 2,6; 2,7; 2,8; 2,3; 3,8; 3,9; 3,10; 3,4; 4,10; 4,5; 5,10; 5,6; 6,10; 6,11; 6,7; 7,11; 7,12; 7,8; 8,12; 8,9; 9,12; 9,11; 9,10; 10,11; 11,12
  44: 1,2; 1,3; 1,4; 1,5; 2,5; 2,6; 2,3; 3,6; 3,7; 3,8; 3,4; 4,8; 4,9; 4,10; 4,5; 5,10; 5,11; 5,6; 6,11; 6,12; 6,7; 7,12; 7,9; 7,8; 8,9; 9,12; 9,10; 10,12; 10,11; 11,12
  45: 1,2; 1,3; 1,4; 1,5; 2,5; 2,6; 2,3; 3,6; 3,7; 3,8; 3,4; 4,8; 4,9; 4,5; 5,9; 5,10; 5,6; 6,10; 6,11; 6,7; 7,11; 7,12; 7,8; 8,12; 8,9; 9,12; 9,10; 10,12; 10,11; 11,12
  46: 1,2; 1,3; 1,4; 1,5; 2,5; 2,6; 2,7; 2,3; 3,7; 3,8; 3,9; 3,4; 4,9; 4,10; 4,5; 5,10; 5,11; 5,6; 6,11; 6,12; 6,8; 6,7; 7,8; 8,12; 8,9; 9,12; 9,10; 10,12; 10,11; 11,12
  47: 1,2; 1,3; 1,4; 1,5; 2,5; 2,6; 2,7; 2,8; 2,3; 3,8; 3,4; 4,8; 4,9; 4,10; 4,5; 5,10; 5,11; 5,6; 6,11; 6,9; 6,12; 6,7; 7,12; 7,8; 8,12; 8,9; 9,12; 9,11; 9,10; 10,11
  48: 1,2; 1,3; 1,4; 1,5; 2,5; 2,6; 2,7; 2,8; 2,3; 3,8; 3,9; 3,4; 4,9; 4,10; 4,11; 4,5; 5,11; 5,6; 6,11; 6,10; 6,12; 6,7; 7,12; 7,9; 7,8; 8,9; 9,12; 9,10; 10,12; 10,11
  49: 1,2; 1,3; 1,4; 1,5; 2,5; 2,6; 2,7; 2,8; 2,3; 3,8; 3,4; 4,8; 4,9; 4,10; 4,5; 5,10; 5,11; 5,6; 6,11; 6,7; 7,11; 7,12; 7,8; 8,12; 8,9; 9,12; 9,11; 9,10; 10,11; 11,12
  50: 1,2; 1,3; 1,4; 1,5; 2,5; 2,6; 2,7; 2,8; 2,3; 3,8; 3,9; 3,10; 3,4; 4,10; 4,11; 4,6; 4,5; 5,6; 6,11; 6,7; 7,11; 7,10; 7,12; 7,8; 8,12; 8,9; 9,12; 9,10; 10,12; 10,11
  51: 1,2; 1,3; 1,4; 1,5; 2,5; 2,6; 2,7; 2,8; 2,9; 2,3; 3,9; 3,10; 3,11; 3,4; 4,11; 4,8; 4,7; 4,6; 4,5; 5,6; 6,7; 7,8; 8,11; 8,12; 8,9; 9,12; 9,10; 10,12; 10,11; 11,12
  52: 1,2; 1,3; 1,4; 1,5; 2,5; 2,6; 2,7; 2,8; 2,3; 3,8; 3,9; 3,10; 3,4; 4,10; 4,7; 4,6; 4,5; 5,6; 6,7; 7,10; 7,11; 7,8; 8,11; 8,12; 8,9; 9,12; 9,10; 10,12; 10,11; 11,12
  53: 1,2; 1,3; 1,4; 1,5; 1,6; 2,6; 2,7; 2,8; 2,9; 2,3; 3,9; 3,10; 3,11; 3,4; 4,11; 4,8; 4,7; 4,5; 5,7; 5,6; 6,7; 7,8; 8,11; 8,12; 8,9; 9,12; 9,10; 10,12; 10,11; 11,12
  54: 1,2; 1,3; 1,4; 1,5; 2,5; 2,6; 2,7; 2,8; 2,9; 2,3; 3,9; 3,10; 3,4; 4,10; 4,11; 4,12; 4,6; 4,5; 5,6; 6,12; 6,7; 7,12; 7,11; 7,8; 8,11; 8,10; 8,9; 9,10; 10,11; 11,12
  55: 1,2; 1,3; 1,4; 1,5; 2,5; 2,6; 2,7; 2,8; 2,9; 2,3; 3,9; 3,4; 4,9; 4,10; 4,11; 4,6; 4,5; 5,6; 6,11; 6,7; 7,11; 7,12; 7,8; 8,12; 8,10; 8,9; 9,10; 10,12; 10,11; 11,12
  56: 1,2; 1,3; 1,4; 1,5; 2,5; 2,6; 2,7; 2,8; 2,9; 2,3; 3,9; 3,4; 4,9; 4,10; 4,11; 4,6; 4,5; 5,6; 6,11; 6,12; 6,7; 7,12; 7,8; 8,12; 8,10; 8,9; 9,10; 10,12; 10,11; 11,12
  57: 1,2; 1,3; 1,4; 1,5; 2,5; 2,6; 2,7; 2,8; 2,9; 2,3; 3,9; 3,4; 4,9; 4,10; 4,11; 4,6; 4,5; 5,6; 6,11; 6,12; 6,7; 7,12; 7,10; 7,8; 8,10; 8,9; 9,10; 10,12; 10,11; 11,12
  58: 1,2; 1,3; 1,4; 1,5; 2,5; 2,6; 2,7; 2,8; 2,9; 2,3; 3,9; 3,4; 4,9; 4,8; 4,10; 4,6; 4,5; 5,6; 6,10; 6,11; 6,12; 6,7; 7,12; 7,8; 8,12; 8,11; 8,10; 8,9; 10,11; 11,12
  59: 1,2; 1,3; 1,4; 1,5; 2,5; 2,6; 2,7; 2,8; 2,9; 2,3; 3,9; 3,4; 4,9; 4,10; 4,11; 4,12; 4,5; 5,12; 5,6; 6,12; 6,11; 6,7; 7,11; 7,8; 8,11; 8,10; 8,9; 9,10; 10,11; 11,12
  60: 1,2; 1,3; 1,4; 1,5; 2,5; 2,6; 2,7; 2,8; 2,9; 2,3; 3,9; 3,4; 4,9; 4,10; 4,7; 4,11; 4,5; 5,11; 5,12; 5,6; 6,12; 6,7; 7,12; 7,11; 7,10; 7,8; 8,10; 8,9; 9,10; 11,12
  61: 1,2; 1,3; 1,4; 1,5; 2,5; 2,6; 2,3; 3,6; 3,7; 3,8; 3,9; 3,10; 3,4; 4,10; 4,5; 5,10; 5,9; 5,11; 5,12; 5,6; 6,12; 6,7; 7,12; 7,11; 7,8; 8,11; 8,9; 9,11; 9,10; 11,12
  62: 1,2; 1,3; 1,4; 1,5; 2,5; 2,6; 2,3; 3,6; 3,7; 3,8; 3,9; 3,10; 3,4; 4,10; 4,5; 5,10; 5,9; 5,8; 5,11; 5,6; 6,11; 6,12; 6,7; 7,12; 7,8; 8,12; 8,11; 8,9; 9,10; 11,12
  63: 1,2; 1,3; 1,4; 1,5; 2,5; 2,6; 2,3; 3,6; 3,7; 3,8; 3,9; 3,10; 3,4; 4,10; 4,5; 5,10; 5,11; 5,8; 5,12; 5,6; 6,12; 6,7; 7,12; 7,8; 8,12; 8,11; 8,9; 9,11; 9,10; 10,11
  64: 1,2; 1,3; 1,4; 1,5; 2,5; 2,6; 2,7; 2,3; 3,7; 3,8; 3,9; 3,10; 3,11; 3,4; 4,11; 4,6; 4,5; 5,6; 6,11; 6,10; 6,9; 6,12; 6,7; 7,12; 7,8; 8,12; 8,9; 9,12; 9,10; 10,11
  65: 1,2; 1,3; 1,4; 1,5; 2,5; 2,6; 2,7; 2,8; 2,9; 2,10; 2,11; 2,3; 3,11; 3,4; 4,11; 4,12; 4,9; 4,8; 4,7; 4,6; 4,5; 5,6; 6,7; 7,8; 8,9; 9,12; 9,10; 10,12; 10,11; 11,12
  66: 1,2; 1,3; 1,4; 1,5; 2,5; 2,6; 2,7; 2,8; 2,9; 2,10; 2,11; 2,12; 2,3; 3,12; 3,4; 4,12; 4,11; 4,10; 4,9; 4,8; 4,7; 4,6; 4,5; 5,6; 6,7; 7,8; 8,9; 9,10; 10,11; 11,12
  67: 1,2; 1,3; 1,4; 1,5; 2,5; 2,6; 2,7; 2,3; 3,7; 3,8; 3,4; 4,8; 4,5; 5,8; 5,9; 5,10; 5,6; 6,10; 6,11; 6,7; 7,11; 7,12; 7,8; 8,12; 8,9; 9,12; 9,11; 9,10; 10,11; 11,12
  68: 1,2; 1,3; 1,4; 1,5; 2,5; 2,6; 2,7; 2,8; 2,3; 3,8; 3,9; 3,4; 4,9; 4,5; 5,9; 5,10; 5,11; 5,6; 6,11; 6,7; 7,11; 7,8; 8,11; 8,12; 8,9; 9,12; 9,10; 10,12; 10,11; 11,12
  69: 1,2; 1,3; 1,4; 1,5; 2,5; 2,6; 2,7; 2,3; 3,7; 3,8; 3,4; 4,8; 4,9; 4,5; 5,9; 5,10; 5,11; 5,6; 6,11; 6,7; 7,11; 7,12; 7,8; 8,12; 8,10; 8,9; 9,10; 10,12; 10,11; 11,12
  70: 1,2; 1,3; 1,4; 1,5; 2,5; 2,6; 2,7; 2,3; 3,7; 3,8; 3,4; 4,8; 4,9; 4,6; 4,5; 5,6; 6,9; 6,10; 6,11; 6,7; 7,11; 7,12; 7,8; 8,12; 8,10; 8,9; 9,10; 10,12; 10,11; 11,12
  71: 1,2; 1,3; 1,4; 1,5; 2,5; 2,6; 2,3; 3,6; 3,7; 3,8; 3,9; 3,10; 3,4; 4,10; 4,5; 5,10; 5,11; 5,6; 6,11; 6,12; 6,7; 7,12; 7,8; 8,12; 8,11; 8,9; 9,11; 9,10; 10,11; 11,12
  72: 1,2; 1,3; 1,4; 1,5; 2,5; 2,6; 2,7; 2,3; 3,7; 3,8; 3,4; 4,8; 4,5; 5,8; 5,9; 5,10; 5,11; 5,6; 6,11; 6,7; 7,11; 7,12; 7,8; 8,12; 8,9; 9,12; 9,10; 10,12; 10,11; 11,12
  73: 1,2; 1,3; 1,4; 1,5; 2,5; 2,6; 2,7; 2,3; 3,7; 3,8; 3,9; 3,4; 4,9; 4,5; 5,9; 5,10; 5,11; 5,6; 6,11; 6,12; 6,8; 6,7; 7,8; 8,12; 8,9; 9,12; 9,10; 10,12; 10,11; 11,12
  74: 1,2; 1,3; 1,4; 1,5; 2,5; 2,6; 2,7; 2,3; 3,7; 3,8; 3,9; 3,4; 4,9; 4,5; 5,9; 5,10; 5,11; 5,6; 6,11; 6,7; 7,11; 7,12; 7,8; 8,12; 8,9; 9,12; 9,10; 10,12; 10,11; 11,12
  75: 1,2; 1,3; 1,4; 1,5; 2,5; 2,6; 2,7; 2,3; 3,7; 3,8; 3,9; 3,4; 4,9; 4,6; 4,5; 5,6; 6,9; 6,10; 6,11; 6,7; 7,11; 7,12; 7,8; 8,12; 8,9; 9,12; 9,10; 10,12; 10,11; 11,12
  76: 1,2; 1,3; 1,4; 1,5; 2,5; 2,6; 2,3; 3,6; 3,7; 3,4; 4,7; 4,8; 4,5; 5,8; 5,9; 5,10; 5,6; 6,10; 6,11; 6,7; 7,11; 7,12; 7,9; 7,8; 8,9; 9,12; 9,10; 10,12; 10,11; 11,12
  77: 1,2; 1,3; 1,4; 1,5; 2,5; 2,6; 2,7; 2,3; 3,7; 3,8; 3,4; 4,8; 4,5; 5,8; 5,9; 5,10; 5,6; 6,10; 6,7; 7,10; 7,11; 7,8; 8,11; 8,12; 8,9; 9,12; 9,10; 10,12; 10,11; 11,12
  78: 1,2; 1,3; 1,4; 1,5; 1,6; 1,7; 1,8; 2,8; 2,9; 2,3; 3,9; 3,10; 3,11; 3,4; 4,11; 4,5; 5,11; 5,6; 6,11; 6,7; 7,11; 7,12; 7,9; 7,8; 8,9; 9,12; 9,10; 10,12; 10,11; 11,12
  79: 1,2; 1,3; 1,4; 1,5; 1,6; 2,6; 2,7; 2,3; 3,7; 3,8; 3,9; 3,4; 4,9; 4,10; 4,5; 5,10; 5,11; 5,6; 6,11; 6,12; 6,7; 7,12; 7,8; 8,12; 8,10; 8,9; 9,10; 10,12; 10,11; 11,12
  80: 1,2; 1,3; 1,4; 1,5; 2,5; 2,6; 2,7; 2,3; 3,7; 3,8; 3,4; 4,8; 4,5; 5,8; 5,9; 5,10; 5,11; 5,6; 6,11; 6,7; 7,11; 7,12; 7,9; 7,8; 8,9; 9,12; 9,10; 10,12; 10,11; 11,12
  81: 1,2; 1,3; 1,4; 1,5; 1,6; 2,6; 2,7; 2,3; 3,7; 3,8; 3,9; 3,10; 3,4; 4,10; 4,5; 5,10; 5,11; 5,8; 5,7; 5,6; 6,7; 7,8; 8,11; 8,12; 8,9; 9,12; 9,10; 10,12; 10,11; 11,12
  82: 1,2; 1,3; 1,4; 1,5; 2,5; 2,6; 2,7; 2,8; 2,9; 2,3; 3,9; 3,10; 3,4; 4,10; 4,5; 5,10; 5,11; 5,12; 5,6; 6,12; 6,7; 7,12; 7,11; 7,8; 8,11; 8,10; 8,9; 9,10; 10,11; 11,12
  83: 1,2; 1,3; 1,4; 1,5; 1,6; 2,6; 2,7; 2,8; 2,9; 2,10; 2,3; 3,10; 3,4; 4,10; 4,5; 5,10; 5,11; 5,12; 5,7; 5,6; 6,7; 7,12; 7,8; 8,12; 8,11; 8,9; 9,11; 9,10; 10,11; 11,12
  84: 1,2; 1,3; 1,4; 1,5; 2,5; 2,6; 2,7; 2,8; 2,9; 2,3; 3,9; 3,4; 4,9; 4,10; 4,5; 5,10; 5,11; 5,12; 5,6; 6,12; 6,7; 7,12; 7,11; 7,8; 8,11; 8,9; 9,11; 9,10; 10,11; 11,12
  85: 1,2; 1,3; 1,4; 1,5; 1,6; 2,6; 2,7; 2,8; 2,9; 2,10; 2,3; 3,10; 3,4; 4,10; 4,11; 4,5; 5,11; 5,6; 6,11; 6,7; 7,11; 7,12; 7,8; 8,12; 8,9; 9,12; 9,11; 9,10; 10,11; 11,12
  86: 1,2; 1,3; 1,4; 1,5; 1,6; 1,7; 2,7; 2,8; 2,9; 2,10; 2,11; 2,3; 3,11; 3,4; 4,11; 4,5; 5,11; 5,10; 5,12; 5,8; 5,6; 6,8; 6,7; 7,8; 8,12; 8,9; 9,12; 9,10; 10,12; 10,11
  87: 1,2; 1,3; 1,4; 1,5; 1,6; 2,6; 2,7; 2,3; 3,7; 3,8; 3,9; 3,10; 3,11; 3,4; 4,11; 4,5; 5,11; 5,12; 5,9; 5,8; 5,7; 5,6; 6,7; 7,8; 8,9; 9,12; 9,10; 10,12; 10,11; 11,12
  