
         12          21   2.536150710120410    
 1  13.26272761   0.00000592  0.0000001005302  0.0000000236953  1.0000000000000
 2 179.99999903  63.43494325 -0.8944271474645  0.0000000151945  0.4472136825708
 3 252.00000215  63.43494580 -0.2763931630222 -0.8506507963150  0.4472136426399
 4  35.99999856  63.43495441  0.7236068461965  0.5257311196194  0.4472135082947
 5 324.00000194  63.43495279  0.7236068405825 -0.5257311058861  0.4472135335230
 6 107.99999682  63.43494840 -0.2763931540387  0.8506508205376  0.4472136021178
 7 215.99999859 116.56504567 -0.7236068455235 -0.5257311195350 -0.4472135094828
 8 287.99999667 116.56505164  0.2763931516554 -0.8506508209587 -0.4472136027898
 9 359.99999893 116.56505717  0.8944271441860 -0.0000000166573 -0.4472136891277
10  72.00000233 116.56505443  0.2763931597804  0.8506507954308 -0.4472136463252
11 144.00000207 116.56504733 -0.7236068410656  0.5257311035623 -0.4472135354730
12 194.63411907 179.99999388 -0.0000001032673 -0.0000000269648 -1.0000000000000
 1    5        2 5   3 5   4 5   5 5   6 5
 1  2  1.0514622
 1  3  1.0514622
 1  4  1.0514622
 1  5  1.0514622
 1  6  1.0514623
 2    5        1 5   3 5   6 5   7 5  11 5
 2  1  1.0514622
 2  3  1.0514622
 2  6  1.0514623
 2  7  1.0514622
 2 11  1.0514622
 3    5        1 5   2 5   5 5   7 5   8 5
 3  1  1.0514622
 3  2  1.0514622
 3  5  1.0514622
 3  7  1.0514622
 3  8  1.0514622
 4    5        1 5   5 5   6 5   9 5  10 5
 4  1  1.0514622
 4  5  1.0514623
 4  6  1.0514622
 4  9  1.0514622
 4 10  1.0514622
 5    5        1 5   3 5   4 5   8 5   9 5
 5  1  1.0514622
 5  3  1.0514622
 5  4  1.0514623
 5  8  1.0514622
 5  9  1.0514622
 6    5        1 5   2 5   4 5  10 5  11 5
 6  1  1.0514623
 6  2  1.0514623
 6  4  1.0514622
 6 10  1.0514622
 6 11  1.0514622
 7    5        2 5   3 5   8 5  11 5  12 5
 7  2  1.0514622
 7  3  1.0514622
 7  8  1.0514622
 7 11  1.0514623
 7 12  1.0514622
 8    5        3 5   5 5   7 5   9 5  12 5
 8  3  1.0514622
 8  5  1.0514622
 8  7  1.0514622
 8  9  1.0514623
 8 12  1.0514623
 9    5        4 5   5 5   8 5  10 5  12 5
 9  4  1.0514622
 9  5  1.0514622
 9  8  1.0514623
 9 10  1.0514622
 9 12  1.0514622
10    5        4 5   6 5   9 5  11 5  12 5
10  4  1.0514622
10  6  1.0514622
10  9  1.0514622
10 11  1.0514622
10 12  1.0514622
11    5        2 5   6 5   7 5  10 5  12 5
11  2  1.0514622
11  6  1.0514622
11  7  1.0514623
11 10  1.0514622
11 12  1.0514622
12    5        7 5   8 5   9 5  10 5  11 5
12  7  1.0514622
12  8  1.0514623
12  9  1.0514622
12 10  1.0514622
12 11  1.0514622
  1.0514622   1.0514623
