
         13          23   2.612834152060219    
 1 183.47346077   0.00000018 -0.0000000030934 -0.0000000001878  1.0000000000000
 2 359.99999996  47.33641538  0.7353454634746 -0.0000000005698  0.6776924445110
 3 179.99999997  47.33641574 -0.7353454676673  0.0000000003876  0.6776924399616
 4  90.00000005  58.79844367 -0.0000000007045  0.8553501885975  0.5180502435732
 5 269.99999985  58.79844369 -0.0000000022412 -0.8553501887920  0.5180502432520
 6  32.81580408  95.40912868  0.8366747376283  0.5395267641231 -0.0942669306253
 7 327.18419590  95.40912868  0.8366747374063 -0.5395267644932 -0.0942669304773
 8 147.18419587  95.40912893 -0.8366747368019  0.5395267646452 -0.0942669349720
 9 212.81580409  95.40912897 -0.8366747371119 -0.5395267640655 -0.0942669355384
10  89.99999989 122.45731438  0.0000000016424  0.8437915024357 -0.5366711287346
11 270.00000012 122.45731445  0.0000000018082 -0.8437915017749 -0.5366711297736
12   0.00000004 150.42819229  0.4935139733125  0.0000000003560 -0.8697378674896
13 179.99999994 150.42819261 -0.4935139684185  0.0000000004849 -0.8697378702666
 1    4        2 5   3 5   4 6   5 6
 1  2  0.8028793
 1  3  0.8028793
 1  4  0.9817838
 1  5  0.9817838
 2    5        1 4   4 6   5 6   6 5   7 5
 2  1  0.8028793
 2  4  1.1392289
 2  5  1.1392289
 2  6  0.9472476
 2  7  0.9472476
 3    5        1 4   4 6   5 6   8 5   9 5
 3  1  0.8028793
 3  4  1.1392289
 3  5  1.1392289
 3  8  0.9472476
 3  9  0.9472476
 4    6        1 4   2 5   3 5   6 5   8 5  10 5
 4  1  0.9817838
 4  2  1.1392289
 4  3  1.1392289
 4  6  1.0838364
 4  8  1.0838364
 4 10  1.0547847
 5    6        1 4   2 5   3 5   7 5   9 5  11 5
 5  1  0.9817838
 5  2  1.1392289
 5  3  1.1392289
 5  7  1.0838364
 5  9  1.0838364
 5 11  1.0547847
 6    5        2 5   4 6   7 5  10 5  12 5
 6  2  0.9472476
 6  4  1.0838364
 6  7  1.0790535
 6 10  0.9941444
 6 12  1.0050888
 7    5        2 5   5 6   6 5  11 5  12 5
 7  2  0.9472476
 7  5  1.0838364
 7  6  1.0790535
 7 11  0.9941444
 7 12  1.0050888
 8    5        3 5   4 6   9 5  10 5  13 5
 8  3  0.9472476
 8  4  1.0838364
 8  9  1.0790535
 8 10  0.9941444
 8 13  1.0050888
 9    5        3 5   5 6   8 5  11 5  13 5
 9  3  0.9472476
 9  5  1.0838364
 9  8  1.0790535
 9 11  0.9941444
 9 13  1.0050888
10    5        4 6   6 5   8 5  12 5  13 5
10  4  1.0547847
10  6  0.9941444
10  8  0.9941444
10 12  1.0327021
10 13  1.0327021
11    5        5 6   7 5   9 5  12 5  13 5
11  5  1.0547847
11  7  0.9941444
11  9  0.9941444
11 12  1.0327021
11 13  1.0327021
12    5        6 5   7 5  10 5  11 5  13 5
12  6  1.0050888
12  7  1.0050888
12 10  1.0327021
12 11  1.0327021
12 13  0.9870279
13    5        8 5   9 5  10 5  11 5  12 5
13  8  1.0050888
13  9  1.0050888
13 10  1.0327021
13 11  1.0327021
13 12  0.9870279
  0.8028793   1.1392289
