
         14          25   2.720977899348649    
 1  98.63995606   0.00000509 -0.0000000133534  0.0000000878807  1.0000000000000
 2 240.00000350  63.70349478 -0.4482566795192 -0.7764034534009  0.4430165085113
 3  60.00000655  63.70350300  0.4482566701016  0.7764035322983  0.4430163797696
 4 120.00000414  63.70350379 -0.4482568179730  0.7764034539144  0.4430163675199
 5 180.00000259  63.70349984 -0.8965134931279 -0.0000000404591  0.4430164293112
 6   0.00000742  63.70349825  0.8965134808689  0.0000001161390  0.4430164541191
 7 300.00000606  63.70349411  0.4482568065910 -0.7764033740899  0.4430165189320
 8  30.00000250 116.29650303  0.7764034211218  0.4482567694266 -0.4430164741108
 9  90.00000463 116.29650622 -0.0000000723727  0.8965134463332 -0.4430165240077
10 150.00000708 116.29650430 -0.7764034875795  0.4482566346213 -0.4430164940410
11 210.00000754 116.29649908 -0.7764034082013 -0.4482568529024 -0.4430164122913
12 270.00000541 116.29649578  0.0000000845862 -0.8965135270449 -0.4430163606747
13 330.00000292 116.29649786  0.7764034981448 -0.4482567158937 -0.4430163932912
14 277.23398151 179.99999470  0.0000000116380 -0.0000000916871 -1.0000000000000
 1    6        2 5   3 5   4 5   5 5   6 5   7 5
 1  2  1.0554464
 1  3  1.0554465
 1  4  1.0554464
 1  5  1.0554465
 1  6  1.0554464
 1  7  1.0554464
 2    5        1 6   5 5   7 5  11 5  12 5
 2  1  1.0554464
 2  5  0.8965135
 2  7  0.8965135
 2 11  1.0002074
 2 12  1.0002074
 3    5        1 6   4 5   6 5   8 5   9 5
 3  1  1.0554465
 3  4  0.8965135
 3  6  0.8965135
 3  8  1.0002074
 3  9  1.0002074
 4    5        1 6   3 5   5 5   9 5  10 5
 4  1  1.0554464
 4  3  0.8965135
 4  5  0.8965135
 4  9  1.0002074
 4 10  1.0002074
 5    5        1 6   2 5   4 5  10 5  11 5
 5  1  1.0554465
 5  2  0.8965135
 5  4  0.8965135
 5 10  1.0002074
 5 11  1.0002074
 6    5        1 6   3 5   7 5   8 5  13 5
 6  1  1.0554464
 6  3  0.8965135
 6  7  0.8965135
 6  8  1.0002074
 6 13  1.0002073
 7    5        1 6   2 5   6 5  12 5  13 5
 7  1  1.0554464
 7  2  0.8965135
 7  6  0.8965135
 7 12  1.0002074
 7 13  1.0002074
 8    5        3 5   6 5   9 5  13 5  14 6
 8  3  1.0002074
 8  6  1.0002074
 8  9  0.8965135
 8 13  0.8965135
 8 14  1.0554464
 9    5        3 5   4 5   8 5  10 5  14 6
 9  3  1.0002074
 9  4  1.0002074
 9  8  0.8965135
 9 10  0.8965135
 9 14  1.0554464
10    5        4 5   5 5   9 5  11 5  14 6
10  4  1.0002074
10  5  1.0002074
10  9  0.8965135
10 11  0.8965135
10 14  1.0554464
11    5        2 5   5 5  10 5  12 5  14 6
11  2  1.0002074
11  5  1.0002074
11 10  0.8965135
11 12  0.8965135
11 14  1.0554464
12    5        2 5   7 5  11 5  13 5  14 6
12  2  1.0002074
12  7  1.0002074
12 11  0.8965135
12 13  0.8965135
12 14  1.0554464
13    5        6 5   7 5   8 5  12 5  14 6
13  6  1.0002073
13  7  1.0002074
13  8  0.8965135
13 12  0.8965135
13 14  1.0554464
14    6        8 5   9 5  10 5  11 5  12 5  13 5
14  8  1.0554464
14  9  1.0554464
14 10  1.0554464
14 11  1.0554464
14 12  1.0554464
14 13  1.0554464
  0.8965135   1.0554465
