
         15          27   2.804379381835040    
 1 179.23935702   0.00000048 -0.0000000084145  0.0000000001117  1.0000000000000
 2   0.00000649  57.21093432  0.8406699677332  0.0000000952693  0.5415477867663
 3 180.00000654  57.21093551 -0.8406699789682 -0.0000000960076  0.5415477693256
 4 297.40143908  62.86151102  0.4095546637584 -0.7900624730805  0.4561428131887
 5 117.40143971  62.86151165 -0.4095546747669  0.7900624729674  0.4561428035004
 6 242.59857321  62.86151166 -0.4095544966955 -0.7900625653881  0.4561428033071
 7  62.59857386  62.86151118  0.4095544858689  0.7900625666982  0.4561428107588
 8  29.15634092 105.71032239  0.8406699244447  0.4689942261134 -0.2707738798453
 9 209.15634112 105.71032352 -0.8406699181776 -0.4689942263451 -0.2707738989014
10 150.84367158 105.71032349 -0.8406700222312  0.4689940401562 -0.2707738983355
11 330.84367178 105.71032229  0.8406700288693 -0.4689940399189 -0.2707738781371
12  90.00000595 120.00000007 -0.0000000900017  0.8660254032070 -0.5000000010002
13 270.00000674 120.00000005  0.0000001019208 -0.8660254033402 -0.5000000007695
14 180.00000621 155.82314337 -0.4095545695159 -0.0000000444076 -0.9122856211673
15   0.00000603 155.82314192  0.4095545927168  0.0000000431103 -0.9122856107517
 1    6        2 5   3 5   4 5   5 5   6 5   7 5
 1  2  0.9575513
 1  3  0.9575513
 1  4  1.0429355
 1  5  1.0429355
 1  6  1.0429355
 1  7  1.0429355
 2    5        1 6   4 5   7 5   8 5  11 5
 2  1  0.9575513
 2  4  0.9040760
 2  7  0.9040759
 2  8  0.9379883
 2 11  0.9379883
 3    5        1 6   5 5   6 5   9 5  10 5
 3  1  0.9575513
 3  5  0.9040760
 3  6  0.9040759
 3  9  0.9379883
 3 10  0.9379883
 4    5        1 6   2 5   6 5  11 5  13 6
 4  1  1.0429355
 4  2  0.9040760
 4  6  0.8191092
 4 11  0.9040760
 4 13  1.0429355
 5    5        1 6   3 5   7 5  10 5  12 6
 5  1  1.0429355
 5  3  0.9040760
 5  7  0.8191091
 5 10  0.9040760
 5 12  1.0429355
 6    5        1 6   3 5   4 5   9 5  13 6
 6  1  1.0429355
 6  3  0.9040759
 6  4  0.8191092
 6  9  0.9040759
 6 13  1.0429355
 7    5        1 6   2 5   5 5   8 5  12 6
 7  1  1.0429355
 7  2  0.9040759
 7  5  0.8191091
 7  8  0.9040760
 7 12  1.0429355
 8    5        2 5   7 5  11 5  12 6  15 5
 8  2  0.9379883
 8  7  0.9040760
 8 11  0.9379883
 8 12  0.9575513
 8 15  0.9040759
 9    5        3 5   6 5  10 5  13 6  14 5
 9  3  0.9379883
 9  6  0.9040759
 9 10  0.9379883
 9 13  0.9575513
 9 14  0.9040760
10    5        3 5   5 5   9 5  12 6  14 5
10  3  0.9379883
10  5  0.9040760
10  9  0.9379883
10 12  0.9575513
10 14  0.9040760
11    5        2 5   4 5   8 5  13 6  15 5
11  2  0.9379883
11  4  0.9040760
11  8  0.9379883
11 13  0.9575513
11 15  0.9040759
12    6        5 5   7 5   8 5  10 5  14 5  15 5
12  5  1.0429355
12  7  1.0429355
12  8  0.9575513
12 10  0.9575513
12 14  1.0429355
12 15  1.0429355
13    6        4 5   6 5   9 5  11 5  14 5  15 5
13  4  1.0429355
13  6  1.0429355
13  9  0.9575513
13 11  0.9575513
13 14  1.0429355
13 15  1.0429355
14    5        9 5  10 5  12 6  13 6  15 5
14  9  0.9040760
14 10  0.9040760
14 12  1.0429355
14 13  1.0429355
14 15  0.8191092
15    5        8 5  11 5  12 6  13 6  14 5
15  8  0.9040759
15 11  0.9040759
15 12  1.0429355
15 13  1.0429355
15 14  0.8191092
  0.8191091   1.0429355
