
         16          29   2.886455392274519    
 1 179.99999848  24.27546689 -0.4111240730659  0.0000000108890  0.9115793967317
 2   0.00000118  24.27547077  0.4111241347213  0.0000000084884  0.9115793689250
 3  89.99999842  54.73561120  0.0000000225748  0.8164965898151  0.5773502566210
 4 270.00000135  54.73560995  0.0000000192012 -0.8164965771942  0.5773502744696
 5 152.68782266  73.09961240 -0.8501460035377  0.4390219174305  0.2907086663390
 6 207.31217674  73.09961181 -0.8501460054491 -0.4390219072135  0.2907086761788
 7  27.31217649  73.09961572  0.8501460249797  0.4390219126277  0.2907086108870
 8 332.68782367  73.09961520  0.8501460238520 -0.4390219090869  0.2907086195323
 9 117.31217704 106.90038625 -0.4390219162023  0.8501460118998 -0.2907086437396
10 242.68782289 106.90038509 -0.4390219199892 -0.8501460165536 -0.2907086244112
11  62.68782354 106.90038780  0.4390219039662  0.8501460093437 -0.2907086696933
12 297.31217617 106.90038672  0.4390219021409 -0.8501460164537 -0.2907086516576
13 180.00000030 125.26438760 -0.8164966019580 -0.0000000042405 -0.5773502394483
14 359.99999952 125.26439146  0.8164965629847 -0.0000000068339 -0.5773502945649
15  90.00000389 155.72453175 -0.0000000278840  0.4111240946038 -0.9115793870180
16 269.99999593 155.72453077 -0.0000000292313 -0.4111241101677 -0.9115793799987
 1    5        2 5   3 6   4 6   5 5   6 5
 1  2  0.8222482
 1  3  0.9733441
 1  4  0.9733441
 1  5  0.8780438
 1  6  0.8780438
 2    5        1 5   3 6   4 6   7 5   8 5
 2  1  0.8222482
 2  3  0.9733441
 2  4  0.9733441
 2  7  0.8780438
 2  8  0.8780438
 3    6        1 5   2 5   5 5   7 5   9 5  11 5
 3  1  0.9733441
 3  2  0.9733441
 3  5  0.9733441
 3  7  0.9733441
 3  9  0.9733441
 3 11  0.9733441
 4    6        1 5   2 5   6 5   8 5  10 5  12 5
 4  1  0.9733441
 4  2  0.9733441
 4  6  0.9733441
 4  8  0.9733441
 4 10  0.9733441
 4 12  0.9733441
 5    5        1 5   3 6   6 5   9 5  13 6
 5  1  0.8780438
 5  3  0.9733441
 5  6  0.8780438
 5  9  0.8222482
 5 13  0.9733441
 6    5        1 5   4 6   5 5  10 5  13 6
 6  1  0.8780438
 6  4  0.9733441
 6  5  0.8780438
 6 10  0.8222482
 6 13  0.9733442
 7    5        2 5   3 6   8 5  11 5  14 6
 7  2  0.8780438
 7  3  0.9733441
 7  8  0.8780438
 7 11  0.8222482
 7 14  0.9733441
 8    5        2 5   4 6   7 5  12 5  14 6
 8  2  0.8780438
 8  4  0.9733441
 8  7  0.8780438
 8 12  0.8222482
 8 14  0.9733442
 9    5        3 6   5 5  11 5  13 6  15 5
 9  3  0.9733441
 9  5  0.8222482
 9 11  0.8780438
 9 13  0.9733441
 9 15  0.8780438
10    5        4 6   6 5  12 5  13 6  16 5
10  4  0.9733441
10  6  0.8222482
10 12  0.8780438
10 13  0.9733441
10 16  0.8780438
11    5        3 6   7 5   9 5  14 6  15 5
11  3  0.9733441
11  7  0.8222482
11  9  0.8780438
11 14  0.9733441
11 15  0.8780438
12    5        4 6   8 5  10 5  14 6  16 5
12  4  0.9733441
12  8  0.8222482
12 10  0.8780438
12 14  0.9733441
12 16  0.8780438
13    6        5 5   6 5   9 5  10 5  15 5  16 5
13  5  0.9733441
13  6  0.9733442
13  9  0.9733441
13 10  0.9733441
13 15  0.9733441
13 16  0.9733441
14    6        7 5   8 5  11 5  12 5  15 5  16 5
14  7  0.9733441
14  8  0.9733442
14 11  0.9733441
14 12  0.9733441
14 15  0.9733441
14 16  0.9733441
15    5        9 5  11 5  13 6  14 6  16 5
15  9  0.8780438
15 11  0.8780438
15 13  0.9733441
15 14  0.9733441
15 16  0.8222482
16    5       10 5  12 5  13 6  14 6  15 5
16 10  0.8780438
16 12  0.8780438
16 13  0.9733441
16 14  0.9733441
16 15  0.8222482
  0.8222482   0.9733442
