
         17          31   2.947522984808483    
 1  56.07040851   0.00000242  0.0000000235459  0.0000000350009  1.0000000000000
 2 237.67660729  54.52437807 -0.4354375291776 -0.6881718341826  0.5803565152744
 3 122.32338380  54.52438135 -0.4354374399759  0.6881719300066  0.5803564685761
 4 302.32338694  54.52437945  0.4354374673399 -0.6881718899152  0.5803564955846
 5  57.67660720  54.52438280  0.4354375558466  0.6881718740353  0.5803564480085
 6 359.99999747  59.30612931  0.8599068828110 -0.0000000379582  0.5104509309368
 7 179.99999519  59.30612666 -0.8599068591937  0.0000000722608  0.5104509707225
 8  89.99999648  93.44427727  0.0000000612998  0.9981936988286 -0.0600777797431
 9 269.99999633  93.44427361 -0.0000000638713 -0.9981937026666 -0.0600777159745
10  31.73681320 104.63996097  0.8228611050895  0.5089400337196 -0.2527442260633
11 328.26317875 104.63995903  0.8228610409348 -0.5089401537106 -0.2527441933114
12 148.26317998 104.63995874 -0.8228610528776  0.5089401368090 -0.2527441884634
13 211.73681370 104.63995688 -0.8228611159856 -0.5089400503757 -0.2527441570492
14 269.99999510 137.36912021 -0.0000000579348 -0.6772725938371 -0.7357321752086
15  89.99999781 137.36912369  0.0000000258512  0.6772725491101 -0.7357322163817
16 359.99999308 152.38710504  0.4634954718899 -0.0000000559922 -0.8860992876295
17 179.99999971 152.38710255 -0.4634955104974  0.0000000023534 -0.8860992674350
 1    6        2 5   3 5   4 5   5 5   6 5   7 5
 1  2  0.9161262
 1  3  0.9161261
 1  4  0.9161261
 1  5  0.9161261
 1  6  0.9894939
 1  7  0.9894938
 2    5        1 6   4 5   7 5   9 5  13 6
 2  1  0.9161262
 2  4  0.8708750
 2  7  0.8115674
 2  9  0.8341914
 2 13  0.9360972
 3    5        1 6   5 5   7 5   8 5  12 6
 3  1  0.9161261
 3  5  0.8708750
 3  7  0.8115674
 3  8  0.8341914
 3 12  0.9360971
 4    5        1 6   2 5   6 5   9 5  11 6
 4  1  0.9161261
 4  2  0.8708750
 4  6  0.8115673
 4  9  0.8341914
 4 11  0.9360971
 5    5        1 6   3 5   6 5   8 5  10 6
 5  1  0.9161261
 5  3  0.8708750
 5  6  0.8115674
 5  8  0.8341914
 5 10  0.9360971
 6    5        1 6   4 5   5 5  10 6  11 6
 6  1  0.9894939
 6  4  0.8115673
 6  5  0.8115674
 6 10  0.9180737
 6 11  0.9180737
 7    5        1 6   2 5   3 5  12 6  13 6
 7  1  0.9894938
 7  2  0.8115674
 7  3  0.8115674
 7 12  0.9180737
 7 13  0.9180737
 8    5        3 5   5 5  10 6  12 6  15 5
 8  3  0.8341914
 8  5  0.8341914
 8 10  0.9765192
 8 12  0.9765192
 8 15  0.7479968
 9    5        2 5   4 5  11 6  13 6  14 5
 9  2  0.8341914
 9  4  0.8341914
 9 11  0.9765192
 9 13  0.9765192
 9 14  0.7479969
10    6        5 5   6 5   8 5  11 6  15 5  16 5
10  5  0.9360971
10  6  0.9180737
10  8  0.9765192
10 11  1.0178802
10 15  0.9688723
10 16  0.8884269
11    6        4 5   6 5   9 5  10 6  14 5  16 5
11  4  0.9360971
11  6  0.9180737
11  9  0.9765192
11 10  1.0178802
11 14  0.9688724
11 16  0.8884268
12    6        3 5   7 5   8 5  13 6  15 5  17 5
12  3  0.9360971
12  7  0.9180737
12  8  0.9765192
12 13  1.0178802
12 15  0.9688724
12 17  0.8884269
13    6        2 5   7 5   9 5  12 6  14 5  17 5
13  2  0.9360972
13  7  0.9180737
13  9  0.9765192
13 12  1.0178802
13 14  0.9688724
13 17  0.8884269
14    5        9 5  11 6  13 6  16 5  17 5
14  9  0.7479969
14 11  0.9688724
14 13  0.9688724
14 16  0.8343480
14 17  0.8343480
15    5        8 5  10 6  12 6  16 5  17 5
15  8  0.7479968
15 10  0.9688723
15 12  0.9688724
15 16  0.8343480
15 17  0.8343480
16    5       10 6  11 6  14 5  15 5  17 5
16 10  0.8884269
16 11  0.8884268
16 14  0.8343480
16 15  0.8343480
16 17  0.9269910
17    5       12 6  13 6  14 5  15 5  16 5
17 12  0.8884269
17 13  0.8884269
17 14  0.8343480
17 15  0.8343480
17 16  0.9269910
  0.7479968   1.0178802
