 1: 1[2 3 4 5 6] 2[1 6 7 8 3] 3[1 2 8 9 4] 4[1 3 9 10 5] 5[1 4 10 11 12 6] 6[1 5 12 13 7 2] 7[2 6 13 14 8] 8[2 7 14 15 9 3] 9[3 8 15 16 10 4] 10[4 9 16 11 5] 11[5 10 16 17 12] 12[5 11 17 18 13 6] 13[6 12 18 14 7] 14[7 13 18 15 8] 15[8 14 18 17 16 9] 16[9 15 17 11 10] 17[11 16 15 18 12] 18[12 17 15 14 13]
 2: 1[2 3 4 5 6] 2[1 6 7 8 9 3] 3[1 2 9 10 11 4] 4[1 3 11 12 5] 5[1 4 12 13 14 6] 6[1 5 14 7 2] 7[2 6 14 15 8] 8[2 7 15 16 9] 9[2 8 16 10 3] 10[3 9 16 17 11] 11[3 10 17 12 4] 12[4 11 17 13 5] 13[5 12 17 18 14] 14[5 13 18 15 7 6] 15[7 14 18 16 8] 16[8 15 18 17 10 9] 17[10 16 18 13 12 11] 18[13 17 16 15 14]
 3: 1[2 3 4 5 6] 2[1 6 7 8 3] 3[1 2 8 9 4] 4[1 3 9 10 11 5] 5[1 4 11 12 13 14 6] 6[1 5 14 7 2] 7[2 6 14 15 8] 8[2 7 15 16 9 3] 9[3 8 16 10 4] 10[4 9 16 17 11] 11[4 10 17 12 5] 12[5 11 17 18 13] 13[5 12 18 15 14] 14[5 13 15 7 6] 15[7 14 13 18 16 8] 16[8 15 18 17 10 9] 17[10 16 18 12 11] 18[12 17 16 15 13]
 4: 1[2 3 4 5 6] 2[1 6 7 8 9 3] 3[1 2 9 10 4] 4[1 3 10 11 12 5] 5[1 4 12 13 14 6] 6[1 5 14 7 2] 7[2 6 14 15 8] 8[2 7 15 16 9] 9[2 8 16 10 3] 10[3 9 16 11 4] 11[4 10 16 17 12] 12[4 11 17 13 5] 13[5 12 17 18 14] 14[5 13 18 15 7 6] 15[7 14 18 16 8] 16[8 15 18 17 11 10 9] 17[11 16 18 13 12] 18[13 17 16 15 14]
 5: 1[2 3 4 5 6] 2[1 6 7 8 3] 3[1 2 8 9 4] 4[1 3 9 10 11 12 5] 5[1 4 12 13 6] 6[1 5 13 7 2] 7[2 6 13 14 8] 8[2 7 14 15 9 3] 9[3 8 15 10 4] 10[4 9 15 16 11] 11[4 10 16 17 12] 12[4 11 17 13 5] 13[5 12 17 18 14 7 6] 14[7 13 18 15 8] 15[8 14 18 16 10 9] 16[10 15 18 17 11] 17[11 16 18 13 12] 18[13 17 16 15 14]
 6: 1[2 3 4 5 6] 2[1 6 7 8 3] 3[1 2 8 9 10 11 4] 4[1 3 11 12 5] 5[1 4 12 13 6] 6[1 5 13 14 7 2] 7[2 6 14 15 8] 8[2 7 15 9 3] 9[3 8 15 16 10] 10[3 9 16 17 11] 11[3 10 17 18 12 4] 12[4 11 18 13 5] 13[5 12 18 14 6] 14[6 13 18 17 16 15 7] 15[7 14 16 9 8] 16[9 15 14 17 10] 17[10 16 14 18 11] 18[11 17 14 13 12]
 7: 1[2 3 4 5 6 7] 2[1 7 8 9 3] 3[1 2 9 10 4] 4[1 3 10 11 12 5] 5[1 4 12 13 6] 6[1 5 13 14 7] 7[1 6 14 8 2] 8[2 7 14 15 16 9] 9[2 8 16 10 3] 10[3 9 16 11 4] 11[4 10 16 17 12] 12[4 11 17 18 13 5] 13[5 12 18 14 6] 14[6 13 18 15 8 7] 15[8 14 18 17 16] 16[8 15 17 11 10 9] 17[11 16 15 18 12] 18[12 17 15 14 13]
 8: 1[2 3 4 5 6 7] 2[1 7 8 9 10 3] 3[1 2 10 11 4] 4[1 3 11 12 13 5] 5[1 4 13 14 6] 6[1 5 14 15 7] 7[1 6 15 8 2] 8[2 7 15 16 17 9] 9[2 8 17 18 10] 10[2 9 18 11 3] 11[3 10 18 12 4] 12[4 11 18 17 13] 13[4 12 17 16 14 5] 14[5 13 16 15 6] 15[6 14 16 8 7] 16[8 15 14 13 17] 17[8 16 13 12 18 9] 18[9 17 12 11 10]
 9: 1[2 3 4 5 6 7] 2[1 7 8 9 3] 3[1 2 9 10 4] 4[1 3 10 11 12 5] 5[1 4 12 13 6] 6[1 5 13 14 7] 7[1 6 14 15 8 2] 8[2 7 15 16 17 9] 9[2 8 17 10 3] 10[3 9 17 11 4] 11[4 10 17 16 12] 12[4 11 16 18 13 5] 13[5 12 18 14 6] 14[6 13 18 15 7] 15[7 14 18 16 8] 16[8 15 18 12 11 17] 17[8 16 11 10 9] 18[12 16 15 14 13]
 10: 1[2 3 4 5 6 7] 2[1 7 8 9 3] 3[1 2 9 10 4] 4[1 3 10 11 12 5] 5[1 4 12 13 6] 6[1 5 13 14 7] 7[1 6 14 15 8 2] 8[2 7 15 16 9] 9[2 8 16 10 3] 10[3 9 16 11 4] 11[4 10 16 17 12] 12[4 11 17 18 13 5] 13[5 12 18 14 6] 14[6 13 18 15 7] 15[7 14 18 17 16 8] 16[8 15 17 11 10 9] 17[11 16 15 18 12] 18[12 17 15 14 13]
 11: 1[2 3 4 5 6] 2[1 6 7 8 3] 3[1 2 8 9 4] 4[1 3 9 10 11 12 13 5] 5[1 4 13 14 6] 6[1 5 14 7 2] 7[2 6 14 15 16 17 18 8] 8[2 7 18 9 3] 9[3 8 18 10 4] 10[4 9 18 17 11] 11[4 10 17 16 12] 12[4 11 16 15 13] 13[4 12 15 14 5] 14[5 13 15 7 6] 15[7 14 13 12 16] 16[7 15 12 11 17] 17[7 16 11 10 18] 18[7 17 10 9 8]
 12: 1[2 3 4 5 6] 2[1 6 7 8 9 10 3] 3[1 2 10 11 4] 4[1 3 11 12 5] 5[1 4 12 13 6] 6[1 5 13 14 7 2] 7[2 6 14 15 8] 8[2 7 15 16 9] 9[2 8 16 17 10] 10[2 9 17 11 3] 11[3 10 17 12 4] 12[4 11 17 13 5] 13[5 12 17 18 14 6] 14[6 13 18 15 7] 15[7 14 18 16 8] 16[8 15 18 17 9] 17[9 16 18 13 12 11 10] 18[13 17 16 15 14]
 
  1: 1,2; 1,3; 1,4; 1,5; 1,6; 2,6; 2,7; 2,8; 2,3; 3,8; 3,9; 3,4; 4,9; 4,10; 4,5; 5,10; 5,11; 5,12; 5,6; 6,12; 6,13; 6,7; 7,13; 7,14; 7,8; 8,14; 8,15; 8,9; 9,15; 9,16; 9,10; 10,16; 10,11; 11,16; 11,17; 11,12; 12,17; 12,18; 12,13; 13,18; 13,14; 14,18; 14,15; 15,18; 15,17; 15,16; 16,17; 17,18
  2: 1,2; 1,3; 1,4; 1,5; 1,6; 2,6; 2,7; 2,8; 2,9; 2,3; 3,9; 3,10; 3,11; 3,4; 4,11; 4,12; 4,5; 5,12; 5,13; 5,14; 5,6; 6,14; 6,7; 7,14; 7,15; 7,8; 8,15; 8,16; 8,9; 9,16; 9,10; 10,16; 10,17; 10,11; 11,17; 11,12; 12,17; 12,13; 13,17; 13,18; 13,14; 14,18; 14,15; 15,18; 15,16; 16,18; 16,17; 17,18
  3: 1,2; 1,3; 1,4; 1,5; 1,6; 2,6; 2,7; 2,8; 2,3; 3,8; 3,9; 3,4; 4,9; 4,10; 4,11; 4,5; 5,11; 5,12; 5,13; 5,14; 5,6; 6,14; 6,7; 7,14; 7,15; 7,8; 8,15; 8,16; 8,9; 9,16; 9,10; 10,16; 10,17; 10,11; 11,17; 11,12; 12,17; 12,18; 12,13; 13,18; 13,15; 13,14; 14,15; 15,18; 15,16; 16,18; 16,17; 17,18
  4: 1,2; 1,3; 1,4; 1,5; 1,6; 2,6; 2,7; 2,8; 2,9; 2,3; 3,9; 3,10; 3,4; 4,10; 4,11; 4,12; 4,5; 5,12; 5,13; 5,14; 5,6; 6,14; 6,7; 7,14; 7,15; 7,8; 8,15; 8,16; 8,9; 9,16; 9,10; 10,16; 10,11; 11,16; 11,17; 11,12; 12,17; 12,13; 13,17; 13,18; 13,14; 14,18; 14,15; 15,18; 15,16; 16,18; 16,17; 17,18
  5: 1,2; 1,3; 1,4; 1,5; 1,6; 2,6; 2,7; 2,8; 2,3; 3,8; 3,9; 3,4; 4,9; 4,10; 4,11; 4,12; 4,5; 5,12; 5,13; 5,6; 6,13; 6,7; 7,13; 7,14; 7,8; 8,14; 8,15; 8,9; 9,15; 9,10; 10,15; 10,16; 10,11; 11,16; 11,17; 11,12; 12,17; 12,13; 13,17; 13,18; 13,14; 14,18; 14,15; 15,18; 15,16; 16,18; 16,17; 17,18
  6: 1,2; 1,3; 1,4; 1,5; 1,6; 2,6; 2,7; 2,8; 2,3; 3,8; 3,9; 3,10; 3,11; 3,4; 4,11; 4,12; 4,5; 5,12; 5,13; 5,6; 6,13; 6,14; 6,7; 7,14; 7,15; 7,8; 8,15; 8,9; 9,15; 9,16; 9,10; 10,16; 10,17; 10,11; 11,17; 11,18; 11,12; 12,18; 12,13; 13,18; 13,14; 14,18; 14,17; 14,16; 14,15; 15,16; 16,17; 17,18
  7: 1,2; 1,3; 1,4; 1,5; 1,6; 1,7; 2,7; 2,8; 2,9; 2,3; 3,9; 3,10; 3,4; 4,10; 4,11; 4,12; 4,5; 5,12; 5,13; 5,6; 6,13; 6,14; 6,7; 7,14; 7,8; 8,14; 8,15; 8,16; 8,9; 9,16; 9,10; 10,16; 10,11; 11,16; 11,17; 11,12; 12,17; 12,18; 12,13; 13,18; 13,14; 14,18; 14,15; 15,18; 15,17; 15,16; 16,17; 17,18
  8: 1,2; 1,3; 1,4; 1,5; 1,6; 1,7; 2,7; 2,8; 2,9; 2,10; 2,3; 3,10; 3,11; 3,4; 4,11; 4,12; 4,13; 4,5; 5,13; 5,14; 5,6; 6,14; 6,15; 6,7; 7,15; 7,8; 8,15; 8,16; 8,17; 8,9; 9,17; 9,18; 9,10; 10,18; 10,11; 11,18; 11,12; 12,18; 12,17; 12,13; 13,17; 13,16; 13,14; 14,16; 14,15; 15,16; 16,17; 17,18
  9: 1,2; 1,3; 1,4; 1,5; 1,6; 1,7; 2,7; 2,8; 2,9; 2,3; 3,9; 3,10; 3,4; 4,10; 4,11; 4,12; 4,5; 5,12; 5,13; 5,6; 6,13; 6,14; 6,7; 7,14; 7,15; 7,8; 8,15; 8,16; 8,17; 8,9; 9,17; 9,10; 10,17; 10,11; 11,17; 11,16; 11,12; 12,16; 12,18; 12,13; 13,18; 13,14; 14,18; 14,15; 15,18; 15,16; 16,18; 16,17
  10: 1,2; 1,3; 1,4; 1,5; 1,6; 1,7; 2,7; 2,8; 2,9; 2,3; 3,9; 3,10; 3,4; 4,10; 4,11; 4,12; 4,5; 5,12; 5,13; 5,6; 6,13; 6,14; 6,7; 7,14; 7,15; 7,8; 8,15; 8,16; 8,9; 9,16; 9,10; 10,16; 10,11; 11,16; 11,17; 11,12; 12,17; 12,18; 12,13; 13,18; 13,14; 14,18; 14,15; 15,18; 15,17; 15,16; 16,17; 17,18
  11: 1,2; 1,3; 1,4; 1,5; 1,6; 2,6; 2,7; 2,8; 2,3; 3,8; 3,9; 3,4; 4,9; 4,10; 4,11; 4,12; 4,13; 4,5; 5,13; 5,14; 5,6; 6,14; 6,7; 7,14; 7,15; 7,16; 7,17; 7,18; 7,8; 8,18; 8,9; 9,18; 9,10; 10,18; 10,17; 10,11; 11,17; 11,16; 11,12; 12,16; 12,15; 12,13; 13,15; 13,14; 14,15; 15,16; 16,17; 17,18
  12: 1,2; 1,3; 1,4; 1,5; 1,6; 2,6; 2,7; 2,8; 2,9; 2,10; 2,3; 3,10; 3,11; 3,4; 4,11; 4,12; 4,5; 5,12; 5,13; 5,6; 6,13; 6,14; 6,7; 7,14; 7,15; 7,8; 8,15; 8,16; 8,9; 9,16; 9,17; 9,10; 10,17; 10,11; 11,17; 11,12; 12,17; 12,13; 13,17; 13,18; 13,14; 14,18; 14,15; 15,18; 15,16; 16,18; 16,17; 17,18
  