
         18          33   3.009613252522505    
 1 359.99999270  28.02559679  0.4698659712116 -0.0000000598839  0.8827377691576
 2 239.99997704  28.02559166 -0.2349331091144 -0.4069157048596  0.8827378112330
 3 119.99997627  28.02560132 -0.2349328519818  0.4069160251651  0.8827377320153
 4 299.99998350  65.02915943  0.4532611498485 -0.7850718628657  0.4221569615376
 5  59.99998323  65.02916937  0.4532616424157  0.7850716630693  0.4221568042330
 6 179.99997936  65.02916398 -0.9065227854689  0.0000003265903  0.4221568895868
 7 358.25067311  72.61314370  0.9538641475049 -0.0291319690311  0.2988218808674
 8 238.25067044  72.61313857 -0.5021611228080 -0.8115045528176  0.2988219662216
 9 118.25067034  72.61314859 -0.4517030199122  0.8406366123636  0.2988217993320
10 270.28060361 107.38685063  0.0046736682059 -0.9542974886174 -0.2988217864282
11  30.28060218 107.38685971  0.8241090049346  0.4811962152432 -0.2988219376507
12 150.28060530 107.38685913 -0.8287826774881  0.4731011824475 -0.2988219280147
13 328.53129057 114.97083302  0.7731963154879 -0.4732346757366 -0.4221568421765
14 208.53129527 114.97083268 -0.7964313756154 -0.4329903799001 -0.4221568367909
15  88.53129304 114.97084171  0.0232350527146  0.9062249262260 -0.4221569795847
16 268.53129256 151.97439752 -0.0120431244372 -0.4697116950029 -0.8827377225038
17  28.53128352 151.97440660  0.4128037351264  0.2244260639116 -0.8827377969153
18 148.53130287 151.97440630 -0.4007606268564  0.2452853564911 -0.8827377945079
 1    5        2 5   3 5   4 6   5 6   7 5
 1  2  0.8138318
 1  3  0.8138317
 1  4  0.9103560
 1  5  0.9103560
 1  7  0.7589866
 2    5        1 5   3 5   4 6   6 6   8 5
 2  1  0.8138318
 2  3  0.8138317
 2  4  0.9103560
 2  6  0.9103560
 2  8  0.7589867
 3    5        1 5   2 5   5 6   6 6   9 5
 3  1  0.8138317
 3  2  0.8138317
 3  5  0.9103561
 3  6  0.9103560
 3  9  0.7589867
 4    6        1 5   2 5   7 5   8 5  10 5  13 6
 4  1  0.9103560
 4  2  0.9103560
 4  7  0.9150192
 4  8  0.9637126
 4 10  0.8658397
 4 13  0.9552312
 5    6        1 5   3 5   7 5   9 5  11 5  15 6
 5  1  0.9103560
 5  3  0.9103561
 5  7  0.9637126
 5  9  0.9150192
 5 11  0.8658397
 5 15  0.9552312
 6    6        2 5   3 5   8 5   9 5  12 5  14 6
 6  2  0.9103560
 6  3  0.9103560
 6  8  0.9150192
 6  9  0.9637126
 6 12  0.8658397
 6 14  0.9552312
 7    5        1 5   4 6   5 6  11 5  13 6
 7  1  0.7589866
 7  4  0.9150192
 7  5  0.9637126
 7 11  0.7965233
 7 13  0.8658397
 8    5        2 5   4 6   6 6  10 5  14 6
 8  2  0.7589867
 8  4  0.9637126
 8  6  0.9150192
 8 10  0.7965233
 8 14  0.8658397
 9    5        3 5   5 6   6 6  12 5  15 6
 9  3  0.7589867
 9  5  0.9150192
 9  6  0.9637126
 9 12  0.7965233
 9 15  0.8658397
10    5        4 6   8 5  13 6  14 6  16 5
10  4  0.8658397
10  8  0.7965233
10 13  0.9150192
10 14  0.9637126
10 16  0.7589867
11    5        5 6   7 5  13 6  15 6  17 5
11  5  0.8658397
11  7  0.7965233
11 13  0.9637126
11 15  0.9150192
11 17  0.7589867
12    5        6 6   9 5  14 6  15 6  18 5
12  6  0.8658397
12  9  0.7965233
12 14  0.9150192
12 15  0.9637126
12 18  0.7589867
13    6        4 6   7 5  10 5  11 5  16 5  17 5
13  4  0.9552312
13  7  0.8658397
13 10  0.9150192
13 11  0.9637126
13 16  0.9103560
13 17  0.9103560
14    6        6 6   8 5  10 5  12 5  16 5  18 5
14  6  0.9552312
14  8  0.8658397
14 10  0.9637126
14 12  0.9150192
14 16  0.9103560
14 18  0.9103560
15    6        5 6   9 5  11 5  12 5  17 5  18 5
15  5  0.9552312
15  9  0.8658397
15 11  0.9150192
15 12  0.9637126
15 17  0.9103561
15 18  0.9103560
16    5       10 5  13 6  14 6  17 5  18 5
16 10  0.7589867
16 13  0.9103560
16 14  0.9103560
16 17  0.8138317
16 18  0.8138317
17    5       11 5  13 6  15 6  16 5  18 5
17 11  0.7589867
17 13  0.9103560
17 15  0.9103561
17 16  0.8138317
17 18  0.8138317
18    5       12 5  14 6  15 6  16 5  17 5
18 12  0.7589867
18 14  0.9103560
18 15  0.9103560
18 16  0.8138317
18 17  0.8138317
  0.7589866   0.9637126
