 1: 1[2 3 4 5 6] 2[1 6 7 8 3] 3[1 2 8 9 4] 4[1 3 9 10 11 5] 5[1 4 11 12 13 14 6] 6[1 5 14 7 2] 7[2 6 14 15 8] 8[2 7 15 16 17 9 3] 9[3 8 17 10 4] 10[4 9 17 18 11] 11[4 10 18 12 5] 12[5 11 18 19 13] 13[5 12 19 16 15 14] 14[5 13 15 7 6] 15[7 14 13 16 8] 16[8 15 13 19 17] 17[8 16 19 18 10 9] 18[10 17 19 12 11] 19[12 18 17 16 13]
 2: 1[2 3 4 5 6] 2[1 6 7 8 3] 3[1 2 8 9 4] 4[1 3 9 10 11 5] 5[1 4 11 12 13 6] 6[1 5 13 7 2] 7[2 6 13 14 8] 8[2 7 14 15 9 3] 9[3 8 15 10 4] 10[4 9 15 16 11] 11[4 10 16 17 12 5] 12[5 11 17 18 13] 13[5 12 18 14 7 6] 14[7 13 18 19 15 8] 15[8 14 19 16 10 9] 16[10 15 19 17 11] 17[11 16 19 18 12] 18[12 17 19 14 13] 19[14 18 17 16 15]
 3: 1[2 3 4 5 6] 2[1 6 7 8 3] 3[1 2 8 9 4] 4[1 3 9 10 11 5] 5[1 4 11 12 6] 6[1 5 12 13 7 2] 7[2 6 13 14 8] 8[2 7 14 15 9 3] 9[3 8 15 10 4] 10[4 9 15 16 11] 11[4 10 16 17 12 5] 12[5 11 17 18 13 6] 13[6 12 18 14 7] 14[7 13 18 19 15 8] 15[8 14 19 16 10 9] 16[10 15 19 17 11] 17[11 16 19 18 12] 18[12 17 19 14 13] 19[14 18 17 16 15]
 4: 1[2 3 4 5 6] 2[1 6 7 8 3] 3[1 2 8 9 4] 4[1 3 9 10 11 5] 5[1 4 11 12 13 6] 6[1 5 13 14 7 2] 7[2 6 14 15 8] 8[2 7 15 16 9 3] 9[3 8 16 10 4] 10[4 9 16 17 11] 11[4 10 17 12 5] 12[5 11 17 18 19 13] 13[5 12 19 14 6] 14[6 13 19 15 7] 15[7 14 19 18 16 8] 16[8 15 18 17 10 9] 17[10 16 18 12 11] 18[12 17 16 15 19] 19[12 18 15 14 13]
 5: 1[2 3 4 5 6] 2[1 6 7 8 3] 3[1 2 8 9 4] 4[1 3 9 10 11 12 5] 5[1 4 12 13 6] 6[1 5 13 7 2] 7[2 6 13 14 8] 8[2 7 14 15 9 3] 9[3 8 15 10 4] 10[4 9 15 16 11] 11[4 10 16 17 12] 12[4 11 17 18 13 5] 13[5 12 18 14 7 6] 14[7 13 18 19 15 8] 15[8 14 19 16 10 9] 16[10 15 19 17 11] 17[11 16 19 18 12] 18[12 17 19 14 13] 19[14 18 17 16 15]
 6: 1[2 3 4 5 6] 2[1 6 7 8 9 3] 3[1 2 9 10 4] 4[1 3 10 11 12 5] 5[1 4 12 13 14 15 6] 6[1 5 15 7 2] 7[2 6 15 16 8] 8[2 7 16 17 9] 9[2 8 17 10 3] 10[3 9 17 11 4] 11[4 10 17 18 12] 12[4 11 18 13 5] 13[5 12 18 19 14] 14[5 13 19 16 15] 15[5 14 16 7 6] 16[7 15 14 19 17 8] 17[8 16 19 18 11 10 9] 18[11 17 19 13 12] 19[13 18 17 16 14]
 7: 1[2 3 4 5 6] 2[1 6 7 8 9 3] 3[1 2 9 10 4] 4[1 3 10 11 12 5] 5[1 4 12 13 14 6] 6[1 5 14 7 2] 7[2 6 14 15 8] 8[2 7 15 16 9] 9[2 8 16 17 10 3] 10[3 9 17 11 4] 11[4 10 17 18 12] 12[4 11 18 13 5] 13[5 12 18 19 14] 14[5 13 19 15 7 6] 15[7 14 19 16 8] 16[8 15 19 17 9] 17[9 16 19 18 11 10] 18[11 17 19 13 12] 19[13 18 17 16 15 14]
 8: 1[2 3 4 5 6] 2[1 6 7 8 9 3] 3[1 2 9 10 4] 4[1 3 10 11 12 5] 5[1 4 12 13 14 6] 6[1 5 14 7 2] 7[2 6 14 15 8] 8[2 7 15 16 9] 9[2 8 16 17 10 3] 10[3 9 17 11 4] 11[4 10 17 18 12] 12[4 11 18 13 5] 13[5 12 18 19 14] 14[5 13 19 15 7 6] 15[7 14 19 16 8] 16[8 15 19 18 17 9] 17[9 16 18 11 10] 18[11 17 16 19 13 12] 19[13 18 16 15 14]
 9: 1[2 3 4 5 6] 2[1 6 7 8 9 3] 3[1 2 9 10 4] 4[1 3 10 11 12 5] 5[1 4 12 13 14 6] 6[1 5 14 7 2] 7[2 6 14 15 8] 8[2 7 15 16 9] 9[2 8 16 10 3] 10[3 9 16 17 11 4] 11[4 10 17 18 12] 12[4 11 18 13 5] 13[5 12 18 19 14] 14[5 13 19 15 7 6] 15[7 14 19 17 16 8] 16[8 15 17 10 9] 17[10 16 15 19 18 11] 18[11 17 19 13 12] 19[13 18 17 15 14]
 10: 1[2 3 4 5 6] 2[1 6 7 8 9 3] 3[1 2 9 10 4] 4[1 3 10 11 12 13 5] 5[1 4 13 14 6] 6[1 5 14 7 2] 7[2 6 14 15 8] 8[2 7 15 16 9] 9[2 8 16 10 3] 10[3 9 16 11 4] 11[4 10 16 17 12] 12[4 11 17 18 13] 13[4 12 18 14 5] 14[5 13 18 19 15 7 6] 15[7 14 19 16 8] 16[8 15 19 17 11 10 9] 17[11 16 19 18 12] 18[12 17 19 14 13] 19[14 18 17 16 15]
 11: 1[2 3 4 5 6 7] 2[1 7 8 9 10 3] 3[1 2 10 11 4] 4[1 3 11 12 5] 5[1 4 12 13 6] 6[1 5 13 14 7] 7[1 6 14 8 2] 8[2 7 14 15 9] 9[2 8 15 16 10] 10[2 9 16 17 11 3] 11[3 10 17 12 4] 12[4 11 17 18 19 13 5] 13[5 12 19 14 6] 14[6 13 19 15 8 7] 15[8 14 19 18 16 9] 16[9 15 18 17 10] 17[10 16 18 12 11] 18[12 17 16 15 19] 19[12 18 15 14 13]
 12: 1[2 3 4 5 6 7] 2[1 7 8 9 3] 3[1 2 9 10 11 4] 4[1 3 11 12 5] 5[1 4 12 13 6] 6[1 5 13 14 7] 7[1 6 14 8 2] 8[2 7 14 15 9] 9[2 8 15 16 10 3] 10[3 9 16 17 11] 11[3 10 17 12 4] 12[4 11 17 18 19 13 5] 13[5 12 19 14 6] 14[6 13 19 15 8 7] 15[8 14 19 18 16 9] 16[9 15 18 17 10] 17[10 16 18 12 11] 18[12 17 16 15 19] 19[12 18 15 14 13]
 13: 1[2 3 4 5 6] 2[1 6 7 8 9 3] 3[1 2 9 10 4] 4[1 3 10 11 12 13 5] 5[1 4 13 14 6] 6[1 5 14 7 2] 7[2 6 14 15 8] 8[2 7 15 16 9] 9[2 8 16 17 10 3] 10[3 9 17 11 4] 11[4 10 17 18 12] 12[4 11 18 19 13] 13[4 12 19 15 14 5] 14[5 13 15 7 6] 15[7 14 13 19 16 8] 16[8 15 19 18 17 9] 17[9 16 18 11 10] 18[11 17 16 19 12] 19[12 18 16 15 13]
 14: 1[2 3 4 5 6] 2[1 6 7 8 9 10 3] 3[1 2 10 11 4] 4[1 3 11 12 13 14 5] 5[1 4 14 15 6] 6[1 5 15 7 2] 7[2 6 15 16 8] 8[2 7 16 17 9] 9[2 8 17 18 19 10] 10[2 9 19 11 3] 11[3 10 19 12 4] 12[4 11 19 18 13] 13[4 12 18 17 14] 14[4 13 17 16 15 5] 15[5 14 16 7 6] 16[7 15 14 17 8] 17[8 16 14 13 18 9] 18[9 17 13 12 19] 19[9 18 12 11 10]
 15: 1[2 3 4 5 6] 2[1 6 7 8 9 3] 3[1 2 9 10 4] 4[1 3 10 11 12 5] 5[1 4 12 13 6] 6[1 5 13 7 2] 7[2 6 13 14 8] 8[2 7 14 15 16 17 9] 9[2 8 17 10 3] 10[3 9 17 18 11 4] 11[4 10 18 19 12] 12[4 11 19 15 14 13 5] 13[5 12 14 7 6] 14[7 13 12 15 8] 15[8 14 12 19 16] 16[8 15 19 18 17] 17[8 16 18 10 9] 18[10 17 16 19 11] 19[11 18 16 15 12]
 16: 1[2 3 4 5 6] 2[1 6 7 8 9 3] 3[1 2 9 10 4] 4[1 3 10 11 5] 5[1 4 11 12 13 6] 6[1 5 13 7 2] 7[2 6 13 14 8] 8[2 7 14 15 16 17 9] 9[2 8 17 10 3] 10[3 9 17 18 11 4] 11[4 10 18 19 12 5] 12[5 11 19 15 14 13] 13[5 12 14 7 6] 14[7 13 12 15 8] 15[8 14 12 19 16] 16[8 15 19 18 17] 17[8 16 18 10 9] 18[10 17 16 19 11] 19[11 18 16 15 12]
 17: 1[2 3 4 5 6] 2[1 6 7 8 9 3] 3[1 2 9 10 4] 4[1 3 10 11 12 5] 5[1 4 12 13 14 6] 6[1 5 14 7 2] 7[2 6 14 15 8] 8[2 7 15 16 17 18 9] 9[2 8 18 10 3] 10[3 9 18 11 4] 11[4 10 18 17 19 12] 12[4 11 19 13 5] 13[5 12 19 16 15 14] 14[5 13 15 7 6] 15[7 14 13 16 8] 16[8 15 13 19 17] 17[8 16 19 11 18] 18[8 17 11 10 9] 19[11 17 16 13 12]
 18: 1[2 3 4 5 6 7] 2[1 7 8 9 10 3] 3[1 2 10 11 4] 4[1 3 11 12 5] 5[1 4 12 13 14 6] 6[1 5 14 15 7] 7[1 6 15 8 2] 8[2 7 15 16 9] 9[2 8 16 17 18 19 10] 10[2 9 19 11 3] 11[3 10 19 12 4] 12[4 11 19 18 13 5] 13[5 12 18 17 14] 14[5 13 17 16 15 6] 15[6 14 16 8 7] 16[8 15 14 17 9] 17[9 16 14 13 18] 18[9 17 13 12 19] 19[9 18 12 11 10]
 19: 1[2 3 4 5 6 7] 2[1 7 8 9 3] 3[1 2 9 10 4] 4[1 3 10 11 12 5] 5[1 4 12 13 14 6] 6[1 5 14 15 7] 7[1 6 15 8 2] 8[2 7 15 16 17 18 19 9] 9[2 8 19 10 3] 10[3 9 19 11 4] 11[4 10 19 18 12] 12[4 11 18 17 13 5] 13[5 12 17 16 14] 14[5 13 16 15 6] 15[6 14 16 8 7] 16[8 15 14 13 17] 17[8 16 13 12 18] 18[8 17 12 11 19] 19[8 18 11 10 9]
 20: 1[2 3 4 5 6 7] 2[1 7 8 9 3] 3[1 2 9 10 4] 4[1 3 10 11 5] 5[1 4 11 12 6] 6[1 5 12 13 7] 7[1 6 13 14 15 8 2] 8[2 7 15 16 17 9] 9[2 8 17 10 3] 10[3 9 17 11 4] 11[4 10 17 16 18 19 12 5] 12[5 11 19 13 6] 13[6 12 19 14 7] 14[7 13 19 18 15] 15[7 14 18 16 8] 16[8 15 18 11 17] 17[8 16 11 10 9] 18[11 16 15 14 19] 19[11 18 14 13 12]
 21: 1[2 3 4 5 6] 2[1 6 7 8 9 10 3] 3[1 2 10 11 4] 4[1 3 11 12 5] 5[1 4 12 13 6] 6[1 5 13 14 7 2] 7[2 6 14 15 8] 8[2 7 15 16 9] 9[2 8 16 17 10] 10[2 9 17 18 11 3] 11[3 10 18 12 4] 12[4 11 18 13 5] 13[5 12 18 19 14 6] 14[6 13 19 15 7] 15[7 14 19 16 8] 16[8 15 19 17 9] 17[9 16 19 18 10] 18[10 17 19 13 12 11] 19[13 18 17 16 15 14]
 22: 1[2 3 4 5 6] 2[1 6 7 8 9 10 3] 3[1 2 10 11 4] 4[1 3 11 12 5] 5[1 4 12 13 6] 6[1 5 13 14 7 2] 7[2 6 14 15 8] 8[2 7 15 16 9] 9[2 8 16 17 10] 10[2 9 17 18 11 3] 11[3 10 18 12 4] 12[4 11 18 13 5] 13[5 12 18 17 19 14 6] 14[6 13 19 15 7] 15[7 14 19 16 8] 16[8 15 19 17 9] 17[9 16 19 13 18 10] 18[10 17 13 12 11] 19[13 17 16 15 14]
 23: 1[2 3 4 5 6] 2[1 6 7 8 9 10 3] 3[1 2 10 11 4] 4[1 3 11 12 5] 5[1 4 12 13 6] 6[1 5 13 14 15 7 2] 7[2 6 15 16 8] 8[2 7 16 17 9] 9[2 8 17 18 10] 10[2 9 18 11 3] 11[3 10 18 12 4] 12[4 11 18 13 5] 13[5 12 18 14 6] 14[6 13 18 19 15] 15[6 14 19 16 7] 16[7 15 19 17 8] 17[8 16 19 18 9] 18[9 17 19 14 13 12 11 10] 19[14 18 17 16 15]
 
  1: 1,2; 1,3; 1,4; 1,5; 1,6; 2,6; 2,7; 2,8; 2,3; 3,8; 3,9; 3,4; 4,9; 4,10; 4,11; 4,5; 5,11; 5,12; 5,13; 5,14; 5,6; 6,14; 6,7; 7,14; 7,15; 7,8; 8,15; 8,16; 8,17; 8,9; 9,17; 9,10; 10,17; 10,18; 10,11; 11,18; 11,12; 12,18; 12,19; 12,13; 13,19; 13,16; 13,15; 13,14; 14,15; 15,16; 16,19; 16,17; 17,19; 17,18; 18,19
  2: 1,2; 1,3; 1,4; 1,5; 1,6; 2,6; 2,7; 2,8; 2,3; 3,8; 3,9; 3,4; 4,9; 4,10; 4,11; 4,5; 5,11; 5,12; 5,13; 5,6; 6,13; 6,7; 7,13; 7,14; 7,8; 8,14; 8,15; 8,9; 9,15; 9,10; 10,15; 10,16; 10,11; 11,16; 11,17; 11,12; 12,17; 12,18; 12,13; 13,18; 13,14; 14,18; 14,19; 14,15; 15,19; 15,16; 16,19; 16,17; 17,19; 17,18; 18,19
  3: 1,2; 1,3; 1,4; 1,5; 1,6; 2,6; 2,7; 2,8; 2,3; 3,8; 3,9; 3,4; 4,9; 4,10; 4,11; 4,5; 5,11; 5,12; 5,6; 6,12; 6,13; 6,7; 7,13; 7,14; 7,8; 8,14; 8,15; 8,9; 9,15; 9,10; 10,15; 10,16; 10,11; 11,16; 11,17; 11,12; 12,17; 12,18; 12,13; 13,18; 13,14; 14,18; 14,19; 14,15; 15,19; 15,16; 16,19; 16,17; 17,19; 17,18; 18,19
  4: 1,2; 1,3; 1,4; 1,5; 1,6; 2,6; 2,7; 2,8; 2,3; 3,8; 3,9; 3,4; 4,9; 4,10; 4,11; 4,5; 5,11; 5,12; 5,13; 5,6; 6,13; 6,14; 6,7; 7,14; 7,15; 7,8; 8,15; 8,16; 8,9; 9,16; 9,10; 10,16; 10,17; 10,11; 11,17; 11,12; 12,17; 12,18; 12,19; 12,13; 13,19; 13,14; 14,19; 14,15; 15,19; 15,18; 15,16; 16,18; 16,17; 17,18; 18,19
  5: 1,2; 1,3; 1,4; 1,5; 1,6; 2,6; 2,7; 2,8; 2,3; 3,8; 3,9; 3,4; 4,9; 4,10; 4,11; 4,12; 4,5; 5,12; 5,13; 5,6; 6,13; 6,7; 7,13; 7,14; 7,8; 8,14; 8,15; 8,9; 9,15; 9,10; 10,15; 10,16; 10,11; 11,16; 11,17; 11,12; 12,17; 12,18; 12,13; 13,18; 13,14; 14,18; 14,19; 14,15; 15,19; 15,16; 16,19; 16,17; 17,19; 17,18; 18,19
  6: 1,2; 1,3; 1,4; 1,5; 1,6; 2,6; 2,7; 2,8; 2,9; 2,3; 3,9; 3,10; 3,4; 4,10; 4,11; 4,12; 4,5; 5,12; 5,13; 5,14; 5,15; 5,6; 6,15; 6,7; 7,15; 7,16; 7,8; 8,16; 8,17; 8,9; 9,17; 9,10; 10,17; 10,11; 11,17; 11,18; 11,12; 12,18; 12,13; 13,18; 13,19; 13,14; 14,19; 14,16; 14,15; 15,16; 16,19; 16,17; 17,19; 17,18; 18,19
  7: 1,2; 1,3; 1,4; 1,5; 1,6; 2,6; 2,7; 2,8; 2,9; 2,3; 3,9; 3,10; 3,4; 4,10; 4,11; 4,12; 4,5; 5,12; 5,13; 5,14; 5,6; 6,14; 6,7; 7,14; 7,15; 7,8; 8,15; 8,16; 8,9; 9,16; 9,17; 9,10; 10,17; 10,11; 11,17; 11,18; 11,12; 12,18; 12,13; 13,18; 13,19; 13,14; 14,19; 14,15; 15,19; 15,16; 16,19; 16,17; 17,19; 17,18; 18,19
  8: 1,2; 1,3; 1,4; 1,5; 1,6; 2,6; 2,7; 2,8; 2,9; 2,3; 3,9; 3,10; 3,4; 4,10; 4,11; 4,12; 4,5; 5,12; 5,13; 5,14; 5,6; 6,14; 6,7; 7,14; 7,15; 7,8; 8,15; 8,16; 8,9; 9,16; 9,17; 9,10; 10,17; 10,11; 11,17; 11,18; 11,12; 12,18; 12,13; 13,18; 13,19; 13,14; 14,19; 14,15; 15,19; 15,16; 16,19; 16,18; 16,17; 17,18; 18,19
  9: 1,2; 1,3; 1,4; 1,5; 1,6; 2,6; 2,7; 2,8; 2,9; 2,3; 3,9; 3,10; 3,4; 4,10; 4,11; 4,12; 4,5; 5,12; 5,13; 5,14; 5,6; 6,14; 6,7; 7,14; 7,15; 7,8; 8,15; 8,16; 8,9; 9,16; 9,10; 10,16; 10,17; 10,11; 11,17; 11,18; 11,12; 12,18; 12,13; 13,18; 13,19; 13,14; 14,19; 14,15; 15,19; 15,17; 15,16; 16,17; 17,19; 17,18; 18,19
  10: 1,2; 1,3; 1,4; 1,5; 1,6; 2,6; 2,7; 2,8; 2,9; 2,3; 3,9; 3,10; 3,4; 4,10; 4,11; 4,12; 4,13; 4,5; 5,13; 5,14; 5,6; 6,14; 6,7; 7,14; 7,15; 7,8; 8,15; 8,16; 8,9; 9,16; 9,10; 10,16; 10,11; 11,16; 11,17; 11,12; 12,17; 12,18; 12,13; 13,18; 13,14; 14,18; 14,19; 14,15; 15,19; 15,16; 16,19; 16,17; 17,19; 17,18; 18,19
  11: 1,2; 1,3; 1,4; 1,5; 1,6; 1,7; 2,7; 2,8; 2,9; 2,10; 2,3; 3,10; 3,11; 3,4; 4,11; 4,12; 4,5; 5,12; 5,13; 5,6; 6,13; 6,14; 6,7; 7,14; 7,8; 8,14; 8,15; 8,9; 9,15; 9,16; 9,10; 10,16; 10,17; 10,11; 11,17; 11,12; 12,17; 12,18; 12,19; 12,13; 13,19; 13,14; 14,19; 14,15; 15,19; 15,18; 15,16; 16,18; 16,17; 17,18; 18,19
  12: 1,2; 1,3; 1,4; 1,5; 1,6; 1,7; 2,7; 2,8; 2,9; 2,3; 3,9; 3,10; 3,11; 3,4; 4,11; 4,12; 4,5; 5,12; 5,13; 5,6; 6,13; 6,14; 6,7; 7,14; 7,8; 8,14; 8,15; 8,9; 9,15; 9,16; 9,10; 10,16; 10,17; 10,11; 11,17; 11,12; 12,17; 12,18; 12,19; 12,13; 13,19; 13,14; 14,19; 14,15; 15,19; 15,18; 15,16; 16,18; 16,17; 17,18; 18,19
  13: 1,2; 1,3; 1,4; 1,5; 1,6; 2,6; 2,7; 2,8; 2,9; 2,3; 3,9; 3,10; 3,4; 4,10; 4,11; 4,12; 4,13; 4,5; 5,13; 5,14; 5,6; 6,14; 6,7; 7,14; 7,15; 7,8; 8,15; 8,16; 8,9; 9,16; 9,17; 9,10; 10,17; 10,11; 11,17; 11,18; 11,12; 12,18; 12,19; 12,13; 13,19; 13,15; 13,14; 14,15; 15,19; 15,16; 16,19; 16,18; 16,17; 17,18; 18,19
  14: 1,2; 1,3; 1,4; 1,5; 1,6; 2,6; 2,7; 2,8; 2,9; 2,10; 2,3; 3,10; 3,11; 3,4; 4,11; 4,12; 4,13; 4,14; 4,5; 5,14; 5,15; 5,6; 6,15; 6,7; 7,15; 7,16; 7,8; 8,16; 8,17; 8,9; 9,17; 9,18; 9,19; 9,10; 10,19; 10,11; 11,19; 11,12; 12,19; 12,18; 12,13; 13,18; 13,17; 13,14; 14,17; 14,16; 14,15; 15,16; 16,17; 17,18; 18,19
  15: 1,2; 1,3; 1,4; 1,5; 1,6; 2,6; 2,7; 2,8; 2,9; 2,3; 3,9; 3,10; 3,4; 4,10; 4,11; 4,12; 4,5; 5,12; 5,13; 5,6; 6,13; 6,7; 7,13; 7,14; 7,8; 8,14; 8,15; 8,16; 8,17; 8,9; 9,17; 9,10; 10,17; 10,18; 10,11; 11,18; 11,19; 11,12; 12,19; 12,15; 12,14; 12,13; 13,14; 14,15; 15,19; 15,16; 16,19; 16,18; 16,17; 17,18; 18,19
  16: 1,2; 1,3; 1,4; 1,5; 1,6; 2,6; 2,7; 2,8; 2,9; 2,3; 3,9; 3,10; 3,4; 4,10; 4,11; 4,5; 5,11; 5,12; 5,13; 5,6; 6,13; 6,7; 7,13; 7,14; 7,8; 8,14; 8,15; 8,16; 8,17; 8,9; 9,17; 9,10; 10,17; 10,18; 10,11; 11,18; 11,19; 11,12; 12,19; 12,15; 12,14; 12,13; 13,14; 14,15; 15,19; 15,16; 16,19; 16,18; 16,17; 17,18; 18,19
  17: 1,2; 1,3; 1,4; 1,5; 1,6; 2,6; 2,7; 2,8; 2,9; 2,3; 3,9; 3,10; 3,4; 4,10; 4,11; 4,12; 4,5; 5,12; 5,13; 5,14; 5,6; 6,14; 6,7; 7,14; 7,15; 7,8; 8,15; 8,16; 8,17; 8,18; 8,9; 9,18; 9,10; 10,18; 10,11; 11,18; 11,17; 11,19; 11,12; 12,19; 12,13; 13,19; 13,16; 13,15; 13,14; 14,15; 15,16; 16,19; 16,17; 17,19; 17,18
  18: 1,2; 1,3; 1,4; 1,5; 1,6; 1,7; 2,7; 2,8; 2,9; 2,10; 2,3; 3,10; 3,11; 3,4; 4,11; 4,12; 4,5; 5,12; 5,13; 5,14; 5,6; 6,14; 6,15; 6,7; 7,15; 7,8; 8,15; 8,16; 8,9; 9,16; 9,17; 9,18; 9,19; 9,10; 10,19; 10,11; 11,19; 11,12; 12,19; 12,18; 12,13; 13,18; 13,17; 13,14; 14,17; 14,16; 14,15; 15,16; 16,17; 17,18; 18,19
  19: 1,2; 1,3; 1,4; 1,5; 1,6; 1,7; 2,7; 2,8; 2,9; 2,3; 3,9; 3,10; 3,4; 4,10; 4,11; 4,12; 4,5; 5,12; 5,13; 5,14; 5,6; 6,14; 6,15; 6,7; 7,15; 7,8; 8,15; 8,16; 8,17; 8,18; 8,19; 8,9; 9,19; 9,10; 10,19; 10,11; 11,19; 11,18; 11,12; 12,18; 12,17; 12,13; 13,17; 13,16; 13,14; 14,16; 14,15; 15,16; 16,17; 17,18; 18,19
  20: 1,2; 1,3; 1,4; 1,5; 1,6; 1,7; 2,7; 2,8; 2,9; 2,3; 3,9; 3,10; 3,4; 4,10; 4,11; 4,5; 5,11; 5,12; 5,6; 6,12; 6,13; 6,7; 7,13; 7,14; 7,15; 7,8; 8,15; 8,16; 8,17; 8,9; 9,17; 9,10; 10,17; 10,11; 11,17; 11,16; 11,18; 11,19; 11,12; 12,19; 12,13; 13,19; 13,14; 14,19; 14,18; 14,15; 15,18; 15,16; 16,18; 16,17; 18,19
  21: 1,2; 1,3; 1,4; 1,5; 1,6; 2,6; 2,7; 2,8; 2,9; 2,10; 2,3; 3,10; 3,11; 3,4; 4,11; 4,12; 4,5; 5,12; 5,13; 5,6; 6,13; 6,14; 6,7; 7,14; 7,15; 7,8; 8,15; 8,16; 8,9; 9,16; 9,17; 9,10; 10,17; 10,18; 10,11; 11,18; 11,12; 12,18; 12,13; 13,18; 13,19; 13,14; 14,19; 14,15; 15,19; 15,16; 16,19; 16,17; 17,19; 17,18; 18,19
  22: 1,2; 1,3; 1,4; 1,5; 1,6; 2,6; 2,7; 2,8; 2,9; 2,10; 2,3; 3,10; 3,11; 3,4; 4,11; 4,12; 4,5; 5,12; 5,13; 5,6; 6,13; 6,14; 6,7; 7,14; 7,15; 7,8; 8,15; 8,16; 8,9; 9,16; 9,17; 9,10; 10,17; 10,18; 10,11; 11,18; 11,12; 12,18; 12,13; 13,18; 13,17; 13,19; 13,14; 14,19; 14,15; 15,19; 15,16; 16,19; 16,17; 17,19; 17,18
  23: 1,2; 1,3; 1,4; 1,5; 1,6; 2,6; 2,7; 2,8; 2,9; 2,10; 2,3; 3,10; 3,11; 3,4; 4,11; 4,12; 4,5; 5,12; 5,13; 5,6; 6,13; 6,14; 6,15; 6,7; 7,15; 7,16; 7,8; 8,16; 8,17; 8,9; 9,17; 9,18; 9,10; 10,18; 10,11; 11,18; 11,12; 12,18; 12,13; 13,18; 13,14; 14,18; 14,19; 14,15; 15,19; 15,16; 16,19; 16,17; 17,19; 17,18; 18,19
  