
         19          35   3.063216277915538    
 1 130.95761526   0.00000060 -0.0000000068586  0.0000000079018  1.0000000000000
 2  28.16581944  51.29119399  0.6879311730740  0.3683372424371  0.6253625963767
 3 208.16581861  51.29119425 -0.6879311810206 -0.3683372337718  0.6253625927387
 4 331.67043931  53.00770696  0.7030562924607 -0.3790248325053  0.6017075917551
 5 151.67043893  53.00770809 -0.7030563003680  0.3790248427988  0.6017075760319
 6  91.67724921  57.10435033 -0.0245763265691  0.8393013605391  0.5431106980806
 7 271.67724883  57.10434940  0.0245763208094 -0.8393013518585  0.5431107117559
 8  49.43110102  90.91492374  0.6502790610671  0.7595275989707 -0.0159677531159
 9 229.43110125  90.91492348 -0.6502790580153 -0.7595276016797 -0.0159677485414
10 312.10352463  96.31958818  0.6663980572943 -0.7374261439070 -0.1100741182880
11 132.10352454  96.31958945 -0.6663980545369  0.7374261431114 -0.1100741403112
12 359.99998952 100.52949072  0.9831609788353 -0.0000001798418 -0.1827415926809
13 179.99998964 100.52949147 -0.9831609764518  0.0000001778329 -0.1827416055046
14  90.65580938 110.71164917 -0.0107060666692  0.9353108726114 -0.3536650275491
15 270.65580982 110.71164825  0.0107060738136 -0.9353108781828 -0.3536650125988
16  41.90845728 138.95439733  0.4886945162478  0.4386107363885 -0.7541871728650
17 221.90845880 138.95439733 -0.4886945046259 -0.4386107493982 -0.7541871728296
18 318.80140851 150.00775730  0.3761273235149 -0.3292582483583 -0.8660930910667
19 138.80140877 150.00775855 -0.3761273107850  0.3292582342474 -0.8660931019595
 1    6        2 5   3 5   4 5   5 5   6 6   7 6
 1  2  0.8656067
 1  3  0.8656067
 1  4  0.8925160
 1  5  0.8925160
 1  6  0.9559177
 1  7  0.9559177
 2    5        1 6   4 5   6 6   8 5  12 6
 2  1  0.8656067
 2  4  0.7478893
 2  6  0.8580440
 2  8  0.7521650
 2 12  0.9358768
 3    5        1 6   5 5   7 6   9 5  13 6
 3  1  0.8656067
 3  5  0.7478893
 3  7  0.8580440
 3  9  0.7521650
 3 13  0.9358768
 4    5        1 6   2 5   7 6  10 5  12 6
 4  1  0.8925160
 4  2  0.7478893
 4  7  0.8219630
 4 10  0.7977647
 4 12  0.9151387
 5    5        1 6   3 5   6 6  11 5  13 6
 5  1  0.8925160
 5  3  0.7478893
 5  6  0.8219630
 5 11  0.7977648
 5 13  0.9151388
 6    6        1 6   2 5   5 5   8 5  11 5  14 5
 6  1  0.9559177
 6  2  0.8580440
 6  5  0.8219630
 6  8  0.8799785
 6 11  0.9213925
 6 14  0.9020072
 7    6        1 6   3 5   4 5   9 5  10 5  15 5
 7  1  0.9559177
 7  3  0.8580440
 7  4  0.8219630
 7  9  0.8799786
 7 10  0.9213925
 7 15  0.9020072
 8    5        2 5   6 6  12 6  14 5  16 5
 8  2  0.7521650
 8  6  0.8799785
 8 12  0.8458761
 8 14  0.7627847
 8 16  0.8210147
 9    5        3 5   7 6  13 6  15 5  17 5
 9  3  0.7521650
 9  7  0.8799786
 9 13  0.8458762
 9 15  0.7627847
 9 17  0.8210147
10    5        4 5   7 6  12 6  15 5  18 6
10  4  0.7977647
10  7  0.9213925
10 12  0.8058637
10 15  0.7269298
10 18  0.9068753
11    5        5 5   6 6  13 6  14 5  19 6
11  5  0.7977648
11  6  0.9213925
11 13  0.8058637
11 14  0.7269298
11 19  0.9068753
12    6        2 5   4 5   8 5  10 5  16 5  18 6
12  2  0.9358768
12  4  0.9151387
12  8  0.8458761
12 10  0.8058637
12 16  0.8737429
12 18  0.9715298
13    6        3 5   5 5   9 5  11 5  17 5  19 6
13  3  0.9358768
13  5  0.9151388
13  9  0.8458762
13 11  0.8058637
13 17  0.8737429
13 19  0.9715298
14    5        6 6   8 5  11 5  16 5  19 6
14  6  0.9020072
14  8  0.7627847
14 11  0.7269298
14 16  0.8102654
14 19  0.8737363
15    5        7 6   9 5  10 5  17 5  18 6
15  7  0.9020072
15  9  0.7627847
15 10  0.7269298
15 17  0.8102654
15 18  0.8737363
16    5        8 5  12 6  14 5  18 6  19 6
16  8  0.8210147
16 12  0.8737429
16 14  0.8102654
16 18  0.7841027
16 19  0.8788616
17    5        9 5  13 6  15 5  18 6  19 6
17  9  0.8210147
17 13  0.8737429
17 15  0.8102654
17 18  0.8788616
17 19  0.7841027
18    6       10 5  12 6  15 5  16 5  17 5  19 6
18 10  0.9068753
18 12  0.9715298
18 15  0.8737363
18 16  0.7841027
18 17  0.8788616
18 19  0.9997656
19    6       11 5  13 6  14 5  16 5  17 5  18 6
19 11  0.9068753
19 13  0.9715298
19 14  0.8737363
19 16  0.8788616
19 17  0.7841027
19 18  0.9997656
  0.7269298   0.9997656
