
         20          37   3.118538793194584    
 1 359.99999990  28.54493781  0.4778478808678 -0.0000000008451  0.8784426007145
 2 180.00000022  28.54493603 -0.4778478535419 -0.0000000018564  0.8784426155791
 3  89.99999904  41.84002556  0.0000000111925  0.6670530805031  0.7450101930788
 4 270.00000111  41.84002579  0.0000000129221 -0.6670530835358  0.7450101903635
 5  45.43577455  67.42628150  0.6479479337757  0.6578798605824  0.3838718069302
 6 225.43577524  67.42628038 -0.6479479205707 -0.6578798631054  0.3838718248954
 7 134.56422500  67.42628028 -0.6479479228178  0.6578798598968  0.3838718266013
 8 314.56422557  67.42628164  0.6479479357595 -0.6578798599688  0.3838718046334
 9   0.00000006  85.21233190  0.9965108463456  0.0000000010932  0.0834633639124
10 180.00000010  85.21233005 -0.9965108436447 -0.0000000016521  0.0834633961599
11  90.00000008  94.78766895 -0.0000000013484  0.9965108451043 -0.0834633787332
12 270.00000001  94.78766917  0.0000000002519 -0.9965108447839 -0.0834633825586
13 315.43577465 112.57371980  0.6578798555071 -0.6479479265546 -0.3838718278170
14  44.56422545 112.57371964  0.6578798551968  0.6479479283527 -0.3838718253137
15 135.43577517 112.57371840 -0.6578798681509  0.6479479271019 -0.3838718052242
16 224.56422493 112.57371853 -0.6578798663852 -0.6479479275898 -0.3838718074267
17   0.00000017 138.15997529  0.6670530695401  0.0000000019709 -0.7450102028946
18 179.99999996 138.15997351 -0.6670530927069  0.0000000004674 -0.7450101821520
19  90.00000160 151.45506296 -0.0000000133677  0.4778478691576 -0.8784426070846
20 269.99999857 151.45506317 -0.0000000118917 -0.4778478658014 -0.8784426089102
 1    6        2 6   3 5   4 5   5 5   8 5   9 6
 1  2  0.9556957
 1  3  0.8313258
 1  4  0.8313258
 1  5  0.8404405
 1  8  0.8404405
 1  9  0.9492119
 2    6        1 6   3 5   4 5   6 5   7 5  10 6
 2  1  0.9556957
 2  3  0.8313258
 2  4  0.8313258
 2  6  0.8404406
 2  7  0.8404406
 2 10  0.9492120
 3    5        1 6   2 6   5 5   7 5  11 6
 3  1  0.8313258
 3  2  0.8313258
 3  5  0.7418501
 3  7  0.7418501
 3 11  0.8915778
 4    5        1 6   2 6   6 5   8 5  12 6
 4  1  0.8313258
 4  2  0.8313258
 4  6  0.7418501
 4  8  0.7418501
 4 12  0.8915778
 5    5        1 6   3 5   9 6  11 6  14 5
 5  1  0.8404405
 5  3  0.7418501
 5  9  0.8028371
 5 11  0.8677036
 5 14  0.7678722
 6    5        2 6   4 5  10 6  12 6  16 5
 6  2  0.8404406
 6  4  0.7418501
 6 10  0.8028371
 6 12  0.8677037
 6 16  0.7678722
 7    5        2 6   3 5  10 6  11 6  15 5
 7  2  0.8404406
 7  3  0.7418501
 7 10  0.8028371
 7 11  0.8677037
 7 15  0.7678722
 8    5        1 6   4 5   9 6  12 6  13 5
 8  1  0.8404405
 8  4  0.7418501
 8  9  0.8028371
 8 12  0.8677037
 8 13  0.7678722
 9    6        1 6   5 5   8 5  13 5  14 5  17 5
 9  1  0.9492119
 9  5  0.8028371
 9  8  0.8028371
 9 13  0.8677037
 9 14  0.8677037
 9 17  0.8915778
10    6        2 6   6 5   7 5  15 5  16 5  18 5
10  2  0.9492120
10  6  0.8028371
10  7  0.8028371
10 15  0.8677037
10 16  0.8677037
10 18  0.8915778
11    6        3 5   5 5   7 5  14 5  15 5  19 6
11  3  0.8915778
11  5  0.8677036
11  7  0.8677037
11 14  0.8028370
11 15  0.8028371
11 19  0.9492119
12    6        4 5   6 5   8 5  13 5  16 5  20 6
12  4  0.8915778
12  6  0.8677037
12  8  0.8677037
12 13  0.8028370
12 16  0.8028371
12 20  0.9492119
13    5        8 5   9 6  12 6  17 5  20 6
13  8  0.7678722
13  9  0.8677037
13 12  0.8028370
13 17  0.7418501
13 20  0.8404405
14    5        5 5   9 6  11 6  17 5  19 6
14  5  0.7678722
14  9  0.8677037
14 11  0.8028370
14 17  0.7418501
14 19  0.8404405
15    5        7 5  10 6  11 6  18 5  19 6
15  7  0.7678722
15 10  0.8677037
15 11  0.8028371
15 18  0.7418501
15 19  0.8404405
16    5        6 5  10 6  12 6  18 5  20 6
16  6  0.7678722
16 10  0.8677037
16 12  0.8028371
16 18  0.7418501
16 20  0.8404405
17    5        9 6  13 5  14 5  19 6  20 6
17  9  0.8915778
17 13  0.7418501
17 14  0.7418501
17 19  0.8313258
17 20  0.8313258
18    5       10 6  15 5  16 5  19 6  20 6
18 10  0.8915778
18 15  0.7418501
18 16  0.7418501
18 19  0.8313258
18 20  0.8313258
19    6       11 6  14 5  15 5  17 5  18 5  20 6
19 11  0.9492119
19 14  0.8404405
19 15  0.8404405
19 17  0.8313258
19 18  0.8313258
19 20  0.9556957
20    6       12 6  13 5  16 5  17 5  18 5  19 6
20 12  0.9492119
20 13  0.8404405
20 16  0.8404405
20 17  0.8313258
20 18  0.8313258
20 19  0.9556957
  0.7418501   0.9556957
