
         21          39   3.164441616788729    
 1 115.59658862   0.00000430 -0.0000000324056  0.0000000676460  1.0000000000000
 2   0.00000210  46.27476517  0.7226627898940  0.0000000265316  0.6912007610692
 3 179.99999450  46.27476891 -0.7226628350262  0.0000000693173  0.6912007138827
 4  60.58029002  47.93169744  0.3646432046919  0.6466172310421  0.6700160369659
 5 240.58028369  47.93169251 -0.3646432478400 -0.6466171404316  0.6700161009295
 6 118.58882560  56.65631444 -0.3997506253191  0.7335348689951  0.5496599253404
 7 298.58882597  56.65630580  0.3997505903793 -0.7335347935832  0.5496600513902
 8 159.60195230  84.53771219 -0.9330376790757  0.3469574133479  0.0951905601834
 9 339.60195298  84.53770572  0.9330376731426 -0.3469573984846  0.0951906725132
10  30.41247005  88.55487949  0.8621292172556  0.5060604635407  0.0252194368526
11 210.41246981  88.55487888 -0.8621292191946 -0.5060604597071  0.0252194474957
12  78.96333380  89.56958155  0.1914317427805  0.9814771803159  0.0075121485105
13 258.96333381  89.56957459 -0.1914317425481 -0.9814771794313  0.0075122699962
14 119.87968367 111.79026308 -0.4625847985100  0.8051201207379 -0.3712100421195
15 299.87968363 111.79025417  0.4625848267359 -0.8051201711388 -0.3712098976309
16 177.44749102 123.23627752 -0.8355875785422  0.0372498103173 -0.5480929211524
17 357.44748594 123.23627302  0.8355876182056 -0.0372498864065 -0.5480928555128
18  59.76346296 133.75120565  0.3637542043775  0.6240765577051 -0.6915282560537
19 239.76347030 133.75120086 -0.3637541535013 -0.6240766543782 -0.6915281955718
20 141.83658108 158.89235760 -0.2831458930272  0.2225212704201 -0.9329055083300
21 321.83657136 158.89234914  0.2831459635406 -0.2225214035458 -0.9329054551747
 1    6        2 5   3 5   4 5   5 5   6 6   7 6
 1  2  0.7858744
 1  3  0.7858744
 1  4  0.8123841
 1  5  0.8123841
 1  6  0.9490417
 1  7  0.9490417
 2    5        1 6   4 5   7 6   9 5  10 6
 2  1  0.7858744
 2  4  0.7394191
 2  7  0.8138669
 2  9  0.7210167
 2 10  0.8479854
 3    5        1 6   5 5   6 6   8 5  11 6
 3  1  0.7858744
 3  5  0.7394190
 3  6  0.8138669
 3  8  0.7210167
 3 11  0.8479854
 4    5        1 6   2 5   6 6  10 6  12 5
 4  1  0.8123841
 4  2  0.7394191
 4  6  0.7786772
 4 10  0.8264449
 4 12  0.7622630
 5    5        1 6   3 5   7 6  11 6  13 5
 5  1  0.8123841
 5  3  0.7394190
 5  7  0.7786772
 5 11  0.8264449
 5 13  0.7622630
 6    6        1 6   3 5   4 5   8 5  12 5  14 6
 6  1  0.9490417
 6  3  0.8138669
 6  4  0.7786772
 6  8  0.8002372
 6 12  0.8395810
 6 14  0.9257830
 7    6        1 6   2 5   5 5   9 5  13 5  15 6
 7  1  0.9490417
 7  2  0.8138669
 7  5  0.7786772
 7  9  0.8002372
 7 13  0.8395810
 7 15  0.9257830
 8    5        3 5   6 6  11 6  14 6  16 5
 8  3  0.7210167
 8  6  0.8002372
 8 11  0.8588152
 8 14  0.8054617
 8 16  0.7205755
 9    5        2 5   7 6  10 6  15 6  17 5
 9  2  0.7210167
 9  7  0.8002372
 9 10  0.8588152
 9 15  0.8054617
 9 17  0.7205754
10    6        2 5   4 5   9 5  12 5  17 5  18 6
10  2  0.8479854
10  4  0.8264449
10  9  0.8588152
10 12  0.8222954
10 17  0.7903022
10 18  0.8809271
11    6        3 5   5 5   8 5  13 5  16 5  19 6
11  3  0.8479854
11  5  0.8264449
11  8  0.8588152
11 13  0.8222954
11 16  0.7903022
11 19  0.8809272
12    5        4 5   6 6  10 6  14 6  18 6
12  4  0.7622630
12  6  0.8395810
12 10  0.8222954
12 14  0.7760606
12 18  0.8037959
13    5        5 5   7 6  11 6  15 6  19 6
13  5  0.7622630
13  7  0.8395810
13 11  0.8222954
13 15  0.7760605
13 19  0.8037959
14    6        6 6   8 5  12 5  16 5  18 6  20 5
14  6  0.9257830
14  8  0.8054617
14 12  0.7760606
14 16  0.8718047
14 18  0.9045534
14 20  0.8289280
15    6        7 6   9 5  13 5  17 5  19 6  21 5
15  7  0.9257830
15  9  0.8054617
15 13  0.7760605
15 17  0.8718047
15 19  0.9045534
15 21  0.8289280
16    5        8 5  11 6  14 6  19 6  20 5
16  8  0.7205755
16 11  0.7903022
16 14  0.8718047
16 19  0.8249564
16 20  0.6982822
17    5        9 5  10 6  15 6  18 6  21 5
17  9  0.7205754
17 10  0.7903022
17 15  0.8718047
17 18  0.8249564
17 21  0.6982822
18    6       10 6  12 5  14 6  17 5  20 5  21 5
18 10  0.8809271
18 12  0.8037959
18 14  0.9045534
18 17  0.8249564
18 20  0.7987424
18 21  0.8840185
19    6       11 6  13 5  15 6  16 5  20 5  21 5
19 11  0.8809272
19 13  0.8037959
19 15  0.9045534
19 16  0.8249564
19 20  0.8840186
19 21  0.7987424
20    5       14 6  16 5  18 6  19 6  21 5
20 14  0.8289280
20 16  0.6982822
20 18  0.7987424
20 19  0.8840186
20 21  0.7202427
21    5       15 6  17 5  18 6  19 6  20 5
21 15  0.8289280
21 17  0.6982822
21 18  0.8840185
21 19  0.7987424
21 20  0.7202427
  0.6982822   0.9490417
