
         22          41   3.20823999588174     
 1  68.30441739   0.00000041  0.0000000026388  0.0000000066325  1.0000000000000
 2  51.75081476  45.18630860  0.4391787722055  0.5571119112322  0.7048037488601
 3 231.75081452  45.18630813 -0.4391787709591 -0.5571119048890  0.7048037546508
 4 173.73007598  49.34960345 -0.7541603862173  0.0828594023464  0.6514418096065
 5 353.73007644  49.34960353  0.7541603877948 -0.0828593963725  0.6514418085401
 6 115.59432818  52.15951970 -0.3411570264764  0.7122305700659  0.6134651565896
 7 295.59432842  52.15951933  0.3411570277725 -0.7122305650207  0.6134651617262
 8  71.19948961  82.12686665  0.3192363087438  0.9377231146088  0.1369800697472
 9 251.19948950  82.12686629 -0.3192363102953 -0.9377231131956  0.1369800758056
10  25.33285647  88.81633211  0.9036444634810  0.4277849390798  0.0206574324804
11 205.33285637  88.81633191 -0.9036444642062 -0.4277849373798  0.0206574359613
12 154.66706818  91.18366799 -0.9036439008920  0.4277861273956 -0.0206574342181
13 334.66706830  91.18366794  0.9036439018427 -0.4277861254286 -0.0206574333670
14 108.80043514  97.87313397 -0.3192350767703  0.9377235324657 -0.1369800803748
15 288.80043516  97.87313377  0.3192350772675 -0.9377235327936 -0.1369800769710
16  64.40559630 127.84048080  0.3411579629909  0.7122301155285 -0.6134651634951
17 244.40559636 127.84048054 -0.3411579633798 -0.7122301184465 -0.6134651598911
18   6.26984853 130.65039646  0.7541604964159  0.0828584087794 -0.6514418084068
19 186.26984852 130.65039642 -0.7541604968498 -0.0828584086226 -0.6514418079243
20 128.24911027 134.81369180 -0.4391780401019  0.5571124820215 -0.7048037538692
21 308.24911049 134.81369178  0.4391780424027 -0.5571124805280 -0.7048037536161
22 261.14822651 179.99999984 -0.0000000004335 -0.0000000027836 -1.0000000000000
 1    6        2 5   3 5   4 5   5 5   6 6   7 6
 1  2  0.7683700
 1  3  0.7683700
 1  4  0.8349349
 1  5  0.8349349
 1  6  0.8792439
 1  7  0.8792438
 2    5        1 6   5 5   6 6   8 5  10 6
 2  1  0.7683700
 2  5  0.7152791
 2  6  0.8008298
 2  8  0.6940280
 2 10  0.8369648
 3    5        1 6   4 5   7 6   9 5  11 6
 3  1  0.7683700
 3  4  0.7152791
 3  7  0.8008298
 3  9  0.6940280
 3 11  0.8369648
 4    5        1 6   3 5   6 6  11 6  12 6
 4  1  0.8349349
 4  3  0.7152791
 4  6  0.7537388
 4 11  0.8252225
 4 12  0.7700891
 5    5        1 6   2 5   7 6  10 6  13 6
 5  1  0.8349349
 5  2  0.7152791
 5  7  0.7537388
 5 10  0.8252225
 5 13  0.7700890
 6    6        1 6   2 5   4 5   8 5  12 6  14 5
 6  1  0.8792439
 6  2  0.8008298
 6  4  0.7537388
 6  8  0.8449878
 6 12  0.8940982
 6 14  0.7838978
 7    6        1 6   3 5   5 5   9 5  13 6  15 5
 7  1  0.8792438
 7  3  0.8008298
 7  5  0.7537388
 7  9  0.8449878
 7 13  0.8940982
 7 15  0.7838978
 8    5        2 5   6 6  10 6  14 5  16 6
 8  2  0.6940280
 8  6  0.8449878
 8 10  0.7842836
 8 14  0.6947661
 8 16  0.7838978
 9    5        3 5   7 6  11 6  15 5  17 6
 9  3  0.6940280
 9  7  0.8449878
 9 11  0.7842836
 9 15  0.6947661
 9 17  0.7838977
10    6        2 5   5 5   8 5  13 6  16 6  18 5
10  2  0.8369648
10  5  0.8252225
10  8  0.7842836
10 13  0.8565680
10 16  0.8940982
10 18  0.7700890
11    6        3 5   4 5   9 5  12 6  17 6  19 5
11  3  0.8369648
11  4  0.8252225
11  9  0.7842836
11 12  0.8565680
11 17  0.8940982
11 19  0.7700890
12    6        4 5   6 6  11 6  14 5  19 5  20 5
12  4  0.7700891
12  6  0.8940982
12 11  0.8565680
12 14  0.7842836
12 19  0.8252225
12 20  0.8369648
13    6        5 5   7 6  10 6  15 5  18 5  21 5
13  5  0.7700890
13  7  0.8940982
13 10  0.8565680
13 15  0.7842836
13 18  0.8252224
13 21  0.8369648
14    5        6 6   8 5  12 6  16 6  20 5
14  6  0.7838978
14  8  0.6947661
14 12  0.7842836
14 16  0.8449878
14 20  0.6940280
15    5        7 6   9 5  13 6  17 6  21 5
15  7  0.7838978
15  9  0.6947661
15 13  0.7842836
15 17  0.8449878
15 21  0.6940280
16    6        8 5  10 6  14 5  18 5  20 5  22 6
16  8  0.7838978
16 10  0.8940982
16 14  0.8449878
16 18  0.7537388
16 20  0.8008299
16 22  0.8792438
17    6        9 5  11 6  15 5  19 5  21 5  22 6
17  9  0.7838977
17 11  0.8940982
17 15  0.8449878
17 19  0.7537388
17 21  0.8008299
17 22  0.8792439
18    5       10 6  13 6  16 6  21 5  22 6
18 10  0.7700890
18 13  0.8252224
18 16  0.7537388
18 21  0.7152791
18 22  0.8349349
19    5       11 6  12 6  17 6  20 5  22 6
19 11  0.7700890
19 12  0.8252225
19 17  0.7537388
19 20  0.7152791
19 22  0.8349349
20    5       12 6  14 5  16 6  19 5  22 6
20 12  0.8369648
20 14  0.6940280
20 16  0.8008299
20 19  0.7152791
20 22  0.7683700
21    5       13 6  15 5  17 6  18 5  22 6
21 13  0.8369648
21 15  0.6940280
21 17  0.8008299
21 18  0.7152791
21 22  0.7683700
22    6       16 6  17 6  18 5  19 5  20 5  21 5
22 16  0.8792438
22 17  0.8792439
22 18  0.8349349
22 19  0.8349349
22 20  0.7683700
22 21  0.7683700
  0.6940280   0.8940982