
         23          43   3.246942024437313    
 1 242.40912116   0.00000551 -0.0000000445211 -0.0000000851941  1.0000000000000
 2 100.26286690  45.21139463 -0.1264452988120  0.6983559874606  0.7044930810066
 3 220.26286564  45.21140402 -0.5415714748351 -0.4586828974199  0.7044929646628
 4 340.26285816  45.21139806  0.6680166786093 -0.2396732689168  0.7044930384798
 5  37.52983066  51.65047510  0.6219310597996  0.4777391496389  0.6204571393407
 6 157.52983669  51.65048059 -0.7246998563320  0.2997384688569  0.6204570642033
 7 277.52982992  51.65048464  0.1027687134958 -0.7774777757614  0.6204570087634
 8  77.93959948  82.06800182  0.2069436773103  0.9685716028166  0.1379976979467
 9 197.93959981  82.06801103 -0.9422794714305 -0.3050673319276  0.1379975387868
10 317.93959864  82.06800831  0.7353357766041 -0.6635043044146  0.1379975857376
11   0.00000014  89.99999731  1.0000000000000  0.0000000024772  0.0000000469338
12 119.99999998  89.99999712 -0.4999999996463  0.8660254039887  0.0000000502978
13 240.00000010  90.00000557 -0.4999999984472 -0.8660254046810 -0.0000000972615
14  42.06040107  97.93198777  0.7353357870382  0.6635043069397 -0.1379975179973
15 162.06039989  97.93199381 -0.9422794587405  0.3050673332994 -0.1379976224045
16 282.06040141  97.93199714  0.2069436929103 -0.9685716020367 -0.1379976800264
17  82.47016612 128.34951478  0.1027687680915  0.7774777748274 -0.6204570008907
18 202.47016492 128.34952417 -0.7246998003227 -0.2997384695540 -0.6204571292859
19 322.47017209 128.34952066  0.6219311191778 -0.4777391477655 -0.6204570812639
20  19.73714021 134.78859695  0.6680167431311  0.2396732706637 -0.7044929767044
21 139.73713118 134.78859999 -0.5415714117967  0.4586828955685 -0.7044930143283
22 259.73713836 134.78860640 -0.1264452323526 -0.6983559866869 -0.7044930937020
23  60.59957125 179.99999447  0.0000000474033  0.0000000841259 -1.0000000000000
 1    6        2 5   3 5   4 5   5 6   6 6   7 6
 1  2  0.7687743
 1  3  0.7687743
 1  4  0.7687743
 1  5  0.8712554
 1  6  0.8712553
 1  7  0.8712554
 2    5        1 6   5 6   6 6   8 5  12 6
 2  1  0.7687743
 2  5  0.7847299
 2  6  0.7237862
 2  8  0.7106910
 2 12  0.8148414
 3    5        1 6   6 6   7 6   9 5  13 6
 3  1  0.7687743
 3  6  0.7847299
 3  7  0.7237863
 3  9  0.7106910
 3 13  0.8148415
 4    5        1 6   5 6   7 6  10 5  11 6
 4  1  0.7687743
 4  5  0.7237862
 4  7  0.7847299
 4 10  0.7106910
 4 11  0.8148414
 5    6        1 6   2 5   4 5   8 5  11 6  14 5
 5  1  0.8712554
 5  2  0.7847299
 5  4  0.7237862
 5  8  0.8036779
 5 11  0.8695619
 5 14  0.7890645
 6    6        1 6   2 5   3 5   9 5  12 6  15 5
 6  1  0.8712553
 6  2  0.7237862
 6  3  0.7847299
 6  9  0.8036779
 6 12  0.8695619
 6 15  0.7890645
 7    6        1 6   3 5   4 5  10 5  13 6  16 5
 7  1  0.8712554
 7  3  0.7237863
 7  4  0.7847299
 7 10  0.8036779
 7 13  0.8695619
 7 16  0.7890645
 8    5        2 5   5 6  12 6  14 5  17 6
 8  2  0.7106910
 8  5  0.8036779
 8 12  0.7275496
 8 14  0.6696548
 8 17  0.7890645
 9    5        3 5   6 6  13 6  15 5  18 6
 9  3  0.7106910
 9  6  0.8036779
 9 13  0.7275496
 9 15  0.6696548
 9 18  0.7890645
10    5        4 5   7 6  11 6  16 5  19 6
10  4  0.7106910
10  7  0.8036779
10 11  0.7275496
10 16  0.6696549
10 19  0.7890645
11    6        4 5   5 6  10 5  14 5  19 6  20 5
11  4  0.8148414
11  5  0.8695619
11 10  0.7275496
11 14  0.7275496
11 19  0.8695619
11 20  0.8148414
12    6        2 5   6 6   8 5  15 5  17 6  21 5
12  2  0.8148414
12  6  0.8695619
12  8  0.7275496
12 15  0.7275497
12 17  0.8695619
12 21  0.8148414
13    6        3 5   7 6   9 5  16 5  18 6  22 5
13  3  0.8148415
13  7  0.8695619
13  9  0.7275496
13 16  0.7275496
13 18  0.8695619
13 22  0.8148414
14    5        5 6   8 5  11 6  17 6  20 5
14  5  0.7890645
14  8  0.6696548
14 11  0.7275496
14 17  0.8036779
14 20  0.7106910
15    5        6 6   9 5  12 6  18 6  21 5
15  6  0.7890645
15  9  0.6696548
15 12  0.7275497
15 18  0.8036779
15 21  0.7106910
16    5        7 6  10 5  13 6  19 6  22 5
16  7  0.7890645
16 10  0.6696549
16 13  0.7275496
16 19  0.8036779
16 22  0.7106910
17    6        8 5  12 6  14 5  20 5  21 5  23 6
17  8  0.7890645
17 12  0.8695619
17 14  0.8036779
17 20  0.7847299
17 21  0.7237863
17 23  0.8712554
18    6        9 5  13 6  15 5  21 5  22 5  23 6
18  9  0.7890645
18 13  0.8695619
18 15  0.8036779
18 21  0.7847299
18 22  0.7237862
18 23  0.8712553
19    6       10 5  11 6  16 5  20 5  22 5  23 6
19 10  0.7890645
19 11  0.8695619
19 16  0.8036779
19 20  0.7237862
19 22  0.7847299
19 23  0.8712553
20    5       11 6  14 5  17 6  19 6  23 6
20 11  0.8148414
20 14  0.7106910
20 17  0.7847299
20 19  0.7237862
20 23  0.7687743
21    5       12 6  15 5  17 6  18 6  23 6
21 12  0.8148414
21 15  0.7106910
21 17  0.7237863
21 18  0.7847299
21 23  0.7687743
22    5       13 6  16 5  18 6  19 6  23 6
22 13  0.8148414
22 16  0.7106910
22 18  0.7237862
22 19  0.7847299
22 23  0.7687743
23    6       17 6  18 6  19 6  20 5  21 5  22 5
23 17  0.8712554
23 18  0.8712553
23 19  0.8712553
23 20  0.7687743
23 21  0.7687743
23 22  0.7687743
  0.6696548   0.8712554
