
         24          45   3.28399520528350     
 1 123.77148360  25.99242661 -0.2436165703124  0.3643021823790  0.8988519825773
 2 303.77154414  25.99245279  0.2436171835006 -0.3643022662878  0.8988517823762
 3  34.91892167  35.53737638  0.4765902347883  0.3327079947053  0.8137365288369
 4 214.91895927  35.53734741 -0.4765896790056 -0.3327080719221  0.8137368227770
 5 169.75562797  66.04563394 -0.8993003737685  0.1625287765541  0.4060089094240
 6 349.75562873  66.04567361  0.8993006525075 -0.1625288146193  0.4060082767851
 7  78.94478580  67.46039725  0.1771076371108  0.9064751440017  0.3833219249980
 8 258.94480260  67.46039527 -0.1771073686682 -0.9064751829566  0.3833219569073
 9 122.35194634  70.58092059 -0.5046766517164  0.7967193452414  0.3324752052867
10 302.35195731  70.58094636  0.5046768843557 -0.7967193749104  0.3324747810579
11  33.22990705  76.75642611  0.8142322072226  0.5334258396247  0.2290912183871
12 213.22991342  76.75639621 -0.8142320479111 -0.5334258646092  0.2290917264339
13 146.77030822 103.24357098 -0.8142342211262  0.5334227868110 -0.2290911688776
14 326.77030537 103.24360725  0.8142340732392 -0.5334227478639 -0.2290917851814
15  57.64827181 109.41907476  0.5046736326668  0.7967212895748 -0.3324751287376
16 237.64825912 109.41905859 -0.5046738593496 -0.7967212570693 -0.3324748625430
17 101.05543051 112.53959706 -0.1771110666235  0.9064745127414 -0.3833218332285
18 281.05541543 112.53961047  0.1771108107574 -0.9064744713394 -0.3833220493563
19  10.24459196 113.95436547  0.8992997540064  0.1625322292754 -0.4060089000142
20 190.24458600 113.95432713 -0.8993000382868 -0.1625321840061 -0.4060082884616
21 145.08128932 144.46262006 -0.4765915013756  0.3327062686551 -0.8137364927384
22 325.08126448 144.46265624  0.4765909357939 -0.3327061810988 -0.8137368597881
23  56.22874096 154.00756897  0.2436151809713  0.3643031947825 -0.8988519488056
24 236.22866580 154.00755185 -0.2436158081966 -0.3643030985053 -0.8988518178299
 1    6        2 6   3 5   4 5   5 6   7 6   9 5
 1  2  0.8765051
 1  3  0.7259068
 1  4  0.7398273
 1  5  0.8447059
 1  7  0.8583308
 1  9  0.7588937
 2    6        1 6   3 5   4 5   6 6   8 6  10 5
 2  1  0.8765051
 2  3  0.7398273
 2  4  0.7259068
 2  6  0.8447059
 2  8  0.8583307
 2 10  0.7588937
 3    5        1 6   2 6   6 6   7 6  11 5
 3  1  0.7259068
 3  2  0.7398273
 3  6  0.7682356
 3  7  0.7772743
 3 11  0.7043436
 4    5        1 6   2 6   5 6   8 6  12 5
 4  1  0.7398273
 4  2  0.7259068
 4  5  0.7682356
 4  8  0.7772743
 4 12  0.7043436
 5    6        1 6   4 5   9 5  12 5  13 5  20 6
 5  1  0.8447059
 5  4  0.7682356
 5  9  0.7505550
 5 12  0.7231108
 5 13  0.7403720
 5 20  0.8746637
 6    6        2 6   3 5  10 5  11 5  14 5  19 6
 6  2  0.8447059
 6  3  0.7682356
 6 10  0.7505550
 6 11  0.7231108
 6 14  0.7403720
 6 19  0.8746637
 7    6        1 6   3 5   9 5  11 5  15 5  17 6
 7  1  0.8583308
 7  3  0.7772743
 7  9  0.6924316
 7 11  0.7542417
 7 15  0.7948024
 7 17  0.8445197
 8    6        2 6   4 5  10 5  12 5  16 5  18 6
 8  2  0.8583307
 8  4  0.7772743
 8 10  0.6924316
 8 12  0.7542418
 8 16  0.7948024
 8 18  0.8445197
 9    5        1 6   5 6   7 6  13 5  17 6
 9  1  0.7588937
 9  5  0.7505550
 9  7  0.6924316
 9 13  0.6931867
 9 17  0.7948024
10    5        2 6   6 6   8 6  14 5  18 6
10  2  0.7588937
10  6  0.7505550
10  8  0.6924316
10 14  0.6931866
10 18  0.7948024
11    5        3 5   6 6   7 6  15 5  19 6
11  3  0.7043436
11  6  0.7231108
11  7  0.7542417
11 15  0.6931867
11 19  0.7403721
12    5        4 5   5 6   8 6  16 5  20 6
12  4  0.7043436
12  5  0.7231108
12  8  0.7542418
12 16  0.6931867
12 20  0.7403721
13    5        5 6   9 5  17 6  20 6  21 5
13  5  0.7403720
13  9  0.6931867
13 17  0.7542418
13 20  0.7231108
13 21  0.7043436
14    5        6 6  10 5  18 6  19 6  22 5
14  6  0.7403720
14 10  0.6931866
14 18  0.7542418
14 19  0.7231107
14 22  0.7043436
15    5        7 6  11 5  17 6  19 6  23 6
15  7  0.7948024
15 11  0.6931867
15 17  0.6924317
15 19  0.7505550
15 23  0.7588937
16    5        8 6  12 5  18 6  20 6  24 6
16  8  0.7948024
16 12  0.6931867
16 18  0.6924316
16 20  0.7505550
16 24  0.7588937
17    6        7 6   9 5  13 5  15 5  21 5  23 6
17  7  0.8445197
17  9  0.7948024
17 13  0.7542418
17 15  0.6924317
17 21  0.7772743
17 23  0.8583307
18    6        8 6  10 5  14 5  16 5  22 5  24 6
18  8  0.8445197
18 10  0.7948024
18 14  0.7542418
18 16  0.6924316
18 22  0.7772743
18 24  0.8583307
19    6        6 6  11 5  14 5  15 5  22 5  23 6
19  6  0.8746637
19 11  0.7403721
19 14  0.7231107
19 15  0.7505550
19 22  0.7682356
19 23  0.8447059
20    6        5 6  12 5  13 5  16 5  21 5  24 6
20  5  0.8746637
20 12  0.7403721
20 13  0.7231108
20 16  0.7505550
20 21  0.7682356
20 24  0.8447059
21    5       13 5  17 6  20 6  23 6  24 6
21 13  0.7043436
21 17  0.7772743
21 20  0.7682356
21 23  0.7259068
21 24  0.7398273
22    5       14 5  18 6  19 6  23 6  24 6
22 14  0.7043436
22 18  0.7772743
22 19  0.7682356
22 23  0.7398273
22 24  0.7259068
23    6       15 5  17 6  19 6  21 5  22 5  24 6
23 15  0.7588937
23 17  0.8583307
23 19  0.8447059
23 21  0.7259068
23 22  0.7398273
23 24  0.8765051
24    6       16 5  18 6  20 6  21 5  22 5  23 6
24 16  0.7588937
24 18  0.8583307
24 20  0.8447059
24 21  0.7398273
24 22  0.7259068
24 23  0.8765051
  0.6924316   0.8765051