
         25          47   3.316263522594847    
 1 225.39691034   0.00000210 -0.0000000257459 -0.0000000261051  1.0000000000000
 2   0.00000642  40.68146023  0.6518530526032  0.0000000730879  0.7583453024921
 3 180.00001031  40.68146317 -0.6518530914270 -0.0000001172933  0.7583452691203
 4  61.75633032  43.40814026  0.3251940053703  0.6053758834310  0.7264770461834
 5 241.75632918  43.40814427 -0.3251940415602 -0.6053759217995  0.7264769980110
 6 119.45206672  50.94791767 -0.3818375451691  0.6762149207848  0.6300265629378
 7 299.45206329  50.94791883  0.3818375108726 -0.6762149547379  0.6300265472815
 8 162.23931545  76.44005154 -0.9257926124716  0.2965388952245  0.2344626245526
 9 342.23931448  76.44004972  0.9257926003241 -0.2965389087620  0.2344626553963
10  28.83435299  77.54637390  0.8554057411634  0.4709313912487  0.2156493513118
11 208.83435335  77.54637795 -0.8554057515976 -0.4709314038808  0.2156492823374
12  79.84423263  81.64391179  0.1744530188745  0.9738823574195  0.1453248021245
13 259.84423229  81.64391544 -0.1744530262894 -0.9738823655017  0.1453247390616
14 126.38463565  97.60735648 -0.5879819800094  0.7979672667450 -0.1323836560451
15 306.38463625  97.60735703  0.5879819875521 -0.7979672595962 -0.1323836656343
16  45.20854565 113.34373669  0.6468586184677  0.6515847241391 -0.3962464826123
17 225.20854573 113.34374114 -0.6468585958463 -0.6515847032364 -0.3962465539133
18 176.93620997 115.31532044 -0.9026761562680  0.0483150631477 -0.4275995925842
19 356.93621152 115.31531752  0.9026761793213 -0.0483150400031 -0.4275995465331
20  88.80676215 122.57783907  0.0175479239643  0.8424779878316 -0.5384449000444
21 268.80676458 122.57784244 -0.0175478875750 -0.8424779569485 -0.5384449495515
22 135.20417090 142.32253047 -0.4337322384193  0.4306520313928 -0.7914639430909
23 315.20417701 142.32253034  0.4337322855534 -0.4306519864164 -0.7914639417334
24  39.36051804 156.53022358  0.3079270629538  0.2525789855040 -0.9172702873103
25 219.36051717 156.53022811 -0.3079270107725 -0.2525789348638 -0.9172703187718
 1    6        2 5   3 5   4 5   5 5   6 6   7 6
 1  2  0.6952046
 1  3  0.6952046
 1  4  0.7396256
 1  5  0.7396256
 1  6  0.8602017
 1  7  0.8602017
 2    5        1 6   4 5   7 6   9 5  10 6
 2  1  0.6952046
 2  4  0.6886230
 2  7  0.7393516
 2  9  0.6613859
 2 10  0.7468125
 3    5        1 6   5 5   6 6   8 5  11 6
 3  1  0.6952046
 3  5  0.6886230
 3  6  0.7393516
 3  8  0.6613859
 3 11  0.7468125
 4    5        1 6   2 5   6 6  10 6  12 6
 4  1  0.7396256
 4  2  0.6886230
 4  6  0.7170875
 4 10  0.7484282
 4 12  0.7044557
 5    5        1 6   3 5   7 6  11 6  13 6
 5  1  0.7396256
 5  3  0.6886230
 5  7  0.7170875
 5 11  0.7484283
 5 13  0.7044557
 6    6        1 6   3 5   4 5   8 5  12 6  14 6
 6  1  0.8602017
 6  3  0.7393516
 6  4  0.7170875
 6  8  0.7723418
 6 12  0.7956136
 6 14  0.7991173
 7    6        1 6   2 5   5 5   9 5  13 6  15 6
 7  1  0.8602017
 7  2  0.7393516
 7  5  0.7170875
 7  9  0.7723418
 7 13  0.7956136
 7 15  0.7991173
 8    5        3 5   6 6  11 6  14 6  18 6
 8  3  0.6613859
 8  6  0.7723418
 8 11  0.7709208
 8 14  0.7071935
 8 18  0.7074432
 9    5        2 5   7 6  10 6  15 6  19 6
 9  2  0.6613859
 9  7  0.7723418
 9 10  0.7709208
 9 15  0.7071935
 9 19  0.7074432
10    6        2 5   4 5   9 5  12 6  16 5  19 6
10  2  0.7468125
10  4  0.7484282
10  9  0.7709208
10 12  0.8494716
10 16  0.6712258
10 19  0.8280220
11    6        3 5   5 5   8 5  13 6  17 5  18 6
11  3  0.7468125
11  5  0.7484283
11  8  0.7709208
11 13  0.8494715
11 17  0.6712258
11 18  0.8280220
12    6        4 5   6 6  10 6  14 6  16 5  20 5
12  4  0.7044557
12  6  0.7956136
12 10  0.8494716
12 14  0.8302863
12 16  0.7876181
12 20  0.7137418
13    6        5 5   7 6  11 6  15 6  17 5  21 5
13  5  0.7044557
13  7  0.7956136
13 11  0.8494715
13 15  0.8302863
13 17  0.7876181
13 21  0.7137418
14    6        6 6   8 5  12 6  18 6  20 5  22 5
14  6  0.7991173
14  8  0.7071935
14 12  0.8302863
14 18  0.8649644
14 20  0.7304337
14 22  0.7701301
15    6        7 6   9 5  13 6  19 6  21 5  23 5
15  7  0.7991173
15  9  0.7071935
15 13  0.8302863
15 19  0.8649643
15 21  0.7304338
15 23  0.7701301
16    5       10 6  12 6  19 6  20 5  24 6
16 10  0.6712258
16 12  0.7876181
16 19  0.7458454
16 20  0.6728243
16 24  0.7386109
17    5       11 6  13 6  18 6  21 5  25 6
17 11  0.6712258
17 13  0.7876181
17 18  0.7458453
17 21  0.6728243
17 25  0.7386108
18    6        8 5  11 6  14 6  17 5  22 5  25 6
18  8  0.7074432
18 11  0.8280220
18 14  0.8649644
18 17  0.7458453
18 22  0.7060363
18 25  0.8270679
19    6        9 5  10 6  15 6  16 5  23 5  24 6
19  9  0.7074432
19 10  0.8280220
19 15  0.8649643
19 16  0.7458454
19 23  0.7060363
19 24  0.8270678
20    5       12 6  14 6  16 5  22 5  24 6
20 12  0.7137418
20 14  0.7304337
20 16  0.6728243
20 22  0.6612663
20 24  0.7588212
21    5       13 6  15 6  17 5  23 5  25 6
21 13  0.7137418
21 15  0.7304338
21 17  0.6728243
21 23  0.6612663
21 25  0.7588212
22    5       14 6  18 6  20 5  24 6  25 6
22 14  0.7701301
22 18  0.7060363
22 20  0.6612663
22 24  0.7730433
22 25  0.7060161
23    5       15 6  19 6  21 5  24 6  25 6
23 15  0.7701301
23 19  0.7060363
23 21  0.6612663
23 24  0.7060161
23 25  0.7730432
24    6       16 5  19 6  20 5  22 5  23 5  25 6
24 16  0.7386109
24 19  0.8270678
24 20  0.7588212
24 22  0.7730433
24 23  0.7060161
24 25  0.7965305
25    6       17 5  18 6  21 5  22 5  23 5  24 6
25 17  0.7386108
25 18  0.8270679
25 21  0.7588212
25 22  0.7060161
25 23  0.7730432
25 24  0.7965305
  0.6612663   0.8649644
