
         26          26   3.349359872493574    
 1 359.99999535  20.16948975  0.3447983984726 -0.0000000279787  0.9386767624751
 2 179.99999675  20.16948546 -0.3447983281777  0.0000000195482  0.9386767882961
 3  91.31987137  38.20792669 -0.0142469625377  0.6183530057280  0.7857713308372
 4 271.31987677  38.20792726  0.0142470210648 -0.6183530122643  0.7857713246323
 5  29.78332480  57.24487976  0.7299042542062  0.4177380506533  0.5410496287108
 6 209.78332635  57.24487639 -0.7299042153211 -0.4177380546263  0.5410496781013
 7 151.17338701  58.75623018 -0.7490230165787  0.4122320617946  0.5186802944627
 8 331.17338792  58.75623419  0.7490230549338 -0.4122320674459  0.5186802345828
 9  71.11308384  76.93933635  0.3153276464368  0.9216834340342  0.2259825719375
10 251.11308449  76.93933559 -0.3153276350182 -0.9216834347428  0.2259825849806
11 111.33414102  77.87248108 -0.3556870679000  0.9106863747396  0.2100881638558
12 291.33414160  77.87248336  0.3556870802336 -0.9106863789137  0.2100881248808
13   0.29924749  87.73003854  0.9992016693764  0.0052187317957  0.0396079380157
14 180.29924723  87.73003445 -0.9992016665768 -0.0052187272596  0.0396080092388
15  41.74421071 102.98904444  0.7270336066795  0.6487703340070 -0.2247647402754
16 221.74420956 102.98904180 -0.7270336274321 -0.6487703262771 -0.2247646954601
17 139.53993193 107.05355038 -0.7274042861242  0.6203857092459 -0.2932653683810
18 319.53993142 107.05355384  0.7274042671614 -0.6203857041481 -0.2932654261996
19  91.08679315 116.71379860 -0.0169425054844  0.8931024639119 -0.4495341371491
20 271.08679096 116.71379942  0.0169424713196 -0.8931024581530 -0.4495341498781
21   1.04834006 125.70314041  0.8119156161457  0.0148572663817 -0.5835857211193
22 181.04833929 125.70313643 -0.8119156567914 -0.0148572562801 -0.5835856648281
23  49.50255283 145.43395815  0.3684488865381  0.4314371422944 -0.8234727744484
24 229.50254767 145.43395617 -0.3684489439155 -0.4314371307308 -0.8234727548343
25 132.32578420 154.79967488 -0.2866999392383  0.3147944125502 -0.9048246364174
26 312.32577910 154.79967803  0.2866998777022 -0.3147944012995 -0.9048246598298
 1    5        2 5   3 6   4 6   5 6   8 6
 1  2  0.6895967
 1  3  0.7312005
 1  4  0.7176383
 1  5  0.6934832
 1  8  0.7139538
 2    5        1 5   3 6   4 6   6 6   7 6
 2  1  0.6895967
 2  3  0.7176383
 2  4  0.7312005
 2  6  0.6934832
 2  7  0.7139537
 3    6        1 5   2 5   5 6   7 6   9 5  11 5
 3  1  0.7312005
 3  2  0.7176383
 3  5  0.8086384
 3  7  0.8085291
 3  9  0.7169325
 3 11  0.7303775
 4    6        1 5   2 5   6 6   8 6  10 5  12 5
 4  1  0.7176383
 4  2  0.7312005
 4  6  0.8086384
 4  8  0.8085291
 4 10  0.7169325
 4 12  0.7303775
 5    6        1 5   3 6   8 6   9 5  13 5  15 6
 5  1  0.6934832
 5  3  0.8086384
 5  8  0.8304916
 5  9  0.7246392
 5 13  0.7029488
 5 15  0.7999099
 6    6        2 5   4 6   7 6  10 5  14 5  16 6
 6  2  0.6934832
 6  4  0.8086384
 6  7  0.8304916
 6 10  0.7246392
 6 14  0.7029488
 6 16  0.7999099
 7    6        2 5   3 6   6 6  11 5  14 5  17 6
 7  2  0.7139537
 7  3  0.8085291
 7  6  0.8304916
 7 11  0.7059737
 7 14  0.6829091
 7 17  0.8384814
 8    6        1 5   4 6   5 6  12 5  13 5  18 6
 8  1  0.7139538
 8  4  0.8085291
 8  5  0.8304916
 8 12  0.7059738
 8 13  0.6829090
 8 18  0.8384814
 9    5        3 6   5 6  11 5  15 6  19 6
 9  3  0.7169325
 9  5  0.7246392
 9 11  0.6712930
 9 15  0.6686977
 9 19  0.7533546
10    5        4 6   6 6  12 5  16 6  20 6
10  4  0.7169325
10  6  0.7246392
10 12  0.6712930
10 16  0.6686976
10 20  0.7533546
11    5        3 6   7 6   9 5  17 6  19 6
11  3  0.7303775
11  7  0.7059737
11  9  0.6712930
11 17  0.6897920
11 19  0.7417268
12    5        4 6   8 6  10 5  18 6  20 6
12  4  0.7303775
12  8  0.7059738
12 10  0.6712930
12 18  0.6897920
12 20  0.7417268
13    5        5 6   8 6  15 6  18 6  21 5
13  5  0.7029488
13  8  0.6829090
13 15  0.7470790
13 18  0.7589858
13 21  0.6507990
14    5        6 6   7 6  16 6  17 6  22 5
14  6  0.7029488
14  7  0.6829091
14 16  0.7470790
14 17  0.7589858
14 22  0.6507990
15    6        5 6   9 5  13 5  19 6  21 5  23 5
15  5  0.7999099
15  9  0.6686977
15 13  0.7470790
15 19  0.8146901
15 21  0.7333507
15 23  0.7309365
16    6        6 6  10 5  14 5  20 6  22 5  24 5
16  6  0.7999099
16 10  0.6686976
16 14  0.7470790
16 20  0.8146901
16 22  0.7333508
16 24  0.7309364
17    6        7 6  11 5  14 5  19 6  22 5  25 6
17  7  0.8384814
17 11  0.6897920
17 14  0.7589858
17 19  0.7768850
17 22  0.7035351
17 25  0.8133948
18    6        8 6  12 5  13 5  20 6  21 5  26 6
18  8  0.8384814
18 12  0.6897920
18 13  0.7589858
18 20  0.7768850
18 21  0.7035351
18 26  0.8133948
19    6        9 5  11 5  15 6  17 6  23 5  25 6
19  9  0.7533546
19 11  0.7417268
19 15  0.8146901
19 17  0.7768850
19 23  0.7081607
19 25  0.7838997
20    6       10 5  12 5  16 6  18 6  24 5  26 6
20 10  0.7533546
20 12  0.7417268
20 16  0.8146901
20 18  0.7768850
20 24  0.7081606
20 26  0.7838997
21    5       13 5  15 6  18 6  23 5  26 6
21 13  0.6507990
21 15  0.7333507
21 18  0.7035351
21 23  0.6540240
21 26  0.6983668
22    5       14 5  16 6  17 6  24 5  25 6
22 14  0.6507990
22 16  0.7333508
22 17  0.7035351
22 24  0.6540239
22 25  0.6983668
23    5       15 6  19 6  21 5  25 6  26 6
23 15  0.7309365
23 19  0.7081607
23 21  0.6540240
23 25  0.6704056
23 26  0.7550911
24    5       16 6  20 6  22 5  25 6  26 6
24 16  0.7309364
24 20  0.7081606
24 22  0.6540239
24 25  0.7550911
24 26  0.6704056
25    6       17 6  19 6  22 5  23 5  24 5  26 6
25 17  0.8133948
25 19  0.7838997
25 22  0.6983668
25 23  0.6704056
25 24  0.7550911
25 26  0.8515689
26    6       18 6  20 6  21 5  23 5  24 5  25 6
26 18  0.8133948
26 20  0.7838997
26 21  0.6983668
26 23  0.7550911
26 24  0.6704056
26 25  0.8515689
  0.6507990   0.8515689
