
         27          15   3.380416038275257    
 1 110.34678614   0.00000085 -0.0000000051866  0.0000000139861  1.0000000000000
 2   0.00000107  41.96306750  0.6686514408415  0.0000000124907  0.7435759884911
 3  72.00000095  41.96306852  0.2066246521206  0.6359253259709  0.7435759765651
 4 288.00000005  41.96306719  0.2066246578943 -0.6359253059047  0.7435759921219
 5 143.99999943  41.96306899 -0.5409503907100  0.3930234726210  0.7435759710747
 6 215.99999928  41.96306773 -0.5409503863207 -0.3930234507946  0.7435759858044
 7  36.00000042  69.95613615  0.7600152400027  0.5521834022163  0.3427394422597
 8 108.00000011  69.95613731 -0.2902999951058  0.8934515099407  0.3427394232158
 9 179.99999973  69.95613700 -0.9394305106147  0.0000000044298  0.3427394283215
10 251.99999996  69.95613584 -0.2902999913843 -0.8934515019470  0.3427394472058
11 324.00000051  69.95613548  0.7600152456981 -0.5521833875644  0.3427394532358
12   0.00000024  89.99999920  1.0000000000000  0.0000000042079  0.0000000139172
13  71.99999990  90.00000040  0.3090169960754  0.9510565157426 -0.0000000069940
14 143.99999993  90.00000123 -0.8090169936362  0.5877852533092 -0.0000000215489
15 216.00000022  90.00000022 -0.8090169921594 -0.5877852553419 -0.0000000037773
16 288.00000032  89.99999919  0.3090169997524 -0.9510565145479  0.0000000140691
17  35.99999965 110.04386325  0.7600152503205  0.5521833941604 -0.3427394323590
18 107.99999964 110.04386474 -0.2902999840050  0.8934515006688 -0.3427394567881
19 180.00000032 110.04386478 -0.9394304999667 -0.0000000052073 -0.3427394575073
20 252.00000063 110.04386352 -0.2902999819695 -0.8934515090252 -0.3427394367286
21 324.00000033 110.04386277  0.7600152524684 -0.5521833961270 -0.3427394244276
22 359.99999961 138.03693103  0.6686514599878 -0.0000000045132 -0.7435759712740
23  71.99999868 138.03693226  0.2066246741855  0.6359253081408 -0.7435759856826
24 143.99999976 138.03693334 -0.5409503685078  0.3930234517455 -0.7435759982607
25 216.00000139 138.03693268 -0.5409503674972 -0.3930234676373 -0.7435759905961
26 288.00000109 138.03693124  0.2066246757320 -0.6359253215404 -0.7435759737932
27 339.09902318 179.99999868  0.0000000214432 -0.0000000081888 -1.0000000000000
 1    5        2 6   3 6   4 6   5 6   6 6
 1  2  0.7161341
 1  3  0.7161341
 1  4  0.7161341
 1  5  0.7161341
 1  6  0.7161340
 2    6        1 5   3 6   4 6   7 5  11 5  12 6
 2  1  0.7161341
 2  3  0.7860470
 2  4  0.7860469
 2  7  0.6884212
 2 11  0.6884212
 2 12  0.8140621
 3    6        1 5   2 6   5 6   7 5   8 5  13 6
 3  1  0.7161341
 3  2  0.7860470
 3  5  0.7860470
 3  7  0.6884213
 3  8  0.6884212
 3 13  0.8140621
 4    6        1 5   2 6   6 6  10 5  11 5  16 6
 4  1  0.7161341
 4  2  0.7860469
 4  6  0.7860469
 4 10  0.6884212
 4 11  0.6884212
 4 16  0.8140621
 5    6        1 5   3 6   6 6   8 5   9 5  14 6
 5  1  0.7161341
 5  3  0.7860470
 5  6  0.7860469
 5  8  0.6884213
 5  9  0.6884212
 5 14  0.8140621
 6    6        1 5   4 6   5 6   9 5  10 5  15 6
 6  1  0.7161340
 6  4  0.7860469
 6  5  0.7860469
 6  9  0.6884212
 6 10  0.6884212
 6 15  0.8140621
 7    5        2 6   3 6  12 6  13 6  17 5
 7  2  0.6884212
 7  3  0.6884213
 7 12  0.6927983
 7 13  0.6927983
 7 17  0.6854789
 8    5        3 6   5 6  13 6  14 6  18 5
 8  3  0.6884212
 8  5  0.6884213
 8 13  0.6927984
 8 14  0.6927984
 8 18  0.6854789
 9    5        5 6   6 6  14 6  15 6  19 5
 9  5  0.6884212
 9  6  0.6884212
 9 14  0.6927983
 9 15  0.6927983
 9 19  0.6854789
10    5        4 6   6 6  15 6  16 6  20 5
10  4  0.6884212
10  6  0.6884212
10 15  0.6927984
10 16  0.6927984
10 20  0.6854789
11    5        2 6   4 6  12 6  16 6  21 5
11  2  0.6884212
11  4  0.6884212
11 12  0.6927983
11 16  0.6927984
11 21  0.6854789
12    6        2 6   7 5  11 5  17 5  21 5  22 6
12  2  0.8140621
12  7  0.6927983
12 11  0.6927983
12 17  0.6927983
12 21  0.6927983
12 22  0.8140621
13    6        3 6   7 5   8 5  17 5  18 5  23 6
13  3  0.8140621
13  7  0.6927983
13  8  0.6927984
13 17  0.6927983
13 18  0.6927984
13 23  0.8140621
14    6        5 6   8 5   9 5  18 5  19 5  24 6
14  5  0.8140621
14  8  0.6927984
14  9  0.6927983
14 18  0.6927984
14 19  0.6927983
14 24  0.8140621
15    6        6 6   9 5  10 5  19 5  20 5  25 6
15  6  0.8140621
15  9  0.6927983
15 10  0.6927984
15 19  0.6927983
15 20  0.6927984
15 25  0.8140621
16    6        4 6  10 5  11 5  20 5  21 5  26 6
16  4  0.8140621
16 10  0.6927984
16 11  0.6927984
16 20  0.6927984
16 21  0.6927983
16 26  0.8140621
17    5        7 5  12 6  13 6  22 6  23 6
17  7  0.6854789
17 12  0.6927983
17 13  0.6927983
17 22  0.6884212
17 23  0.6884212
18    5        8 5  13 6  14 6  23 6  24 6
18  8  0.6854789
18 13  0.6927984
18 14  0.6927984
18 23  0.6884212
18 24  0.6884212
19    5        9 5  14 6  15 6  24 6  25 6
19  9  0.6854789
19 14  0.6927983
19 15  0.6927983
19 24  0.6884212
19 25  0.6884212
20    5       10 5  15 6  16 6  25 6  26 6
20 10  0.6854789
20 15  0.6927984
20 16  0.6927984
20 25  0.6884212
20 26  0.6884212
21    5       11 5  12 6  16 6  22 6  26 6
21 11  0.6854789
21 12  0.6927983
21 16  0.6927983
21 22  0.6884212
21 26  0.6884212
22    6       12 6  17 5  21 5  23 6  26 6  27 5
22 12  0.8140621
22 17  0.6884212
22 21  0.6884212
22 23  0.7860469
22 26  0.7860469
22 27  0.7161341
23    6       13 6  17 5  18 5  22 6  24 6  27 5
23 13  0.8140621
23 17  0.6884212
23 18  0.6884212
23 22  0.7860469
23 24  0.7860469
23 27  0.7161341
24    6       14 6  18 5  19 5  23 6  25 6  27 5
24 14  0.8140621
24 18  0.6884212
24 19  0.6884212
24 23  0.7860469
24 25  0.7860469
24 27  0.7161340
25    6       15 6  19 5  20 5  24 6  26 6  27 5
25 15  0.8140621
25 19  0.6884212
25 20  0.6884212
25 24  0.7860469
25 26  0.7860469
25 27  0.7161340
26    6       16 6  20 5  21 5  22 6  25 6  27 5
26 16  0.8140621
26 20  0.6884212
26 21  0.6884212
26 22  0.7860469
26 25  0.7860469
26 27  0.7161341
27    5       22 6  23 6  24 6  25 6  26 6
27 22  0.7161341
27 23  0.7161341
27 24  0.7161340
27 25  0.7161340
27 26  0.7161341
  0.6854789   0.8140621
