          28           1   3.4073797227335092     
  1 163.72720286   0.00000963 -0.0000001612897  0.0000000470813  1.0000000000000
  2 359.99997966  38.85172031  0.6273070563865 -0.0000002226862  0.7787720186342
  3 119.99998451  38.85173745 -0.3136534977782  0.5432641332370  0.7787718310710
  4 239.99996558  38.85173296 -0.3136539404630 -0.5432638072219  0.7787718802029
  5 297.99327929  46.77760846  0.3420289463944 -0.6434449589431  0.6848319389742
  6  57.99329557  46.77761272  0.3862250585709  0.6179283887974  0.6848318848083
  7 177.99328426  46.77762373 -0.7282543380815  0.0255166663490  0.6848317448862
  8 337.54313366  71.61608099  0.8770020818919 -0.3624928916082  0.3153827070256
  9  97.54313785  71.61609652 -0.1245730681274  0.9407526034921  0.3153824499243
 10 217.54313241  71.61609721 -0.7524291771799 -0.5782596742188  0.3153824384787
 11  20.51300610  76.85988974  0.9120699186682  0.3412449704172  0.2273330895964
 12 260.51300297  76.85989844 -0.1605082041493 -0.9604982300793  0.2273329417731
 13 140.51300594  76.85990806 -0.7515618270035  0.6192532826704  0.2273327783077
 14 302.72244258  90.61612023  0.5405386423777 -0.8412504659857 -0.0107531193319
 15  62.72244247  90.61612594  0.4582749546044  0.8887454271400 -0.0107532190542
 16 182.72244298  90.61613677 -0.9988135922447 -0.0474949698743 -0.0107534080116
 17 346.45173749 109.47120864  0.9165735010982 -0.2208665605965 -0.3333331359088
 18 226.45174139 109.47122527 -0.6495626896699 -0.6833426301846 -0.3333334096086
 19 106.45173512 109.47122742 -0.2670106299563  0.9042091229183 -0.3333334449493
 20  28.16162218 115.28292738  0.7971692879340  0.4267511929552 -0.4270884518296
 21 268.16163148 115.28293436 -0.0290071213488 -0.9037444036278 -0.4270885620367
 22 148.16162578 115.28294664 -0.7681619262299  0.4769931339254 -0.4270887557392
 23 308.84092457 131.84099843  0.4672337186061 -0.5802723182036 -0.6670657305874
 24  68.84090763 131.84100650  0.2689138809566  0.6947722618043 -0.6670658354737
 25 188.84092325 131.84101604 -0.7361472280826 -0.1145000622844 -0.6670659594996
 26   6.13029988 154.34422180  0.4304876353878  0.0462361255281 -0.9014114579227
 27 246.13033100 154.34423481 -0.1752018605005 -0.3959311990586 -0.9014115562213
 28 126.13029461 154.34424233 -0.2552852543765  0.3496949281150 -0.9014116130540
  1    6        2 5   3 5   4 5   5 6   6 6   7 6
  1  2  0.6651738
  1  3  0.6651738
  1  4  0.6651738
  1  5  0.7939372
  1  6  0.7939372
  1  7  0.7939371
  2    5        1 6   5 6   6 6   8 5  11 6
  2  1  0.6651738
  2  5  0.7100912
  2  6  0.6699113
  2  8  0.6391230
  2 11  0.7082535
  3    5        1 6   6 6   7 6   9 5  13 6
  3  1  0.6651738
  3  6  0.7100912
  3  7  0.6699112
  3  9  0.6391230
  3 13  0.7082535
  4    5        1 6   5 6   7 6  10 5  12 6
  4  1  0.6651738
  4  5  0.6699113
  4  7  0.7100912
  4 10  0.6391230
  4 12  0.7082536
  5    6        1 6   2 5   4 5   8 5  12 6  14 6
  5  1  0.7939372
  5  2  0.7100912
  5  4  0.6699113
  5  8  0.7082535
  5 12  0.7499144
  5 14  0.7499144
  6    6        1 6   2 5   3 5   9 5  11 6  15 6
  6  1  0.7939372
  6  2  0.6699113
  6  3  0.7100912
  6  9  0.7082535
  6 11  0.7499145
  6 15  0.7499145
  7    6        1 6   3 5   4 5  10 5  13 6  16 6
  7  1  0.7939371
  7  3  0.6699112
  7  4  0.7100912
  7 10  0.7082535
  7 13  0.7499145
  7 16  0.7499145
  8    5        2 5   5 6  11 6  14 6  17 6
  8  2  0.6391230
  8  5  0.7082535
  8 11  0.7100912
  8 14  0.6699112
  8 17  0.6651738
  9    5        3 5   6 6  13 6  15 6  19 6
  9  3  0.6391230
  9  6  0.7082535
  9 13  0.7100912
  9 15  0.6699112
  9 19  0.6651738
 10    5        4 5   7 6  12 6  16 6  18 6
 10  4  0.6391230
 10  7  0.7082535
 10 12  0.7100912
 10 16  0.6699112
 10 18  0.6651738
 11    6        2 5   6 6   8 5  15 6  17 6  20 5
 11  2  0.7082535
 11  6  0.7499145
 11  8  0.7100912
 11 15  0.7499145
 11 17  0.7939371
 11 20  0.6699112
 12    6        4 5   5 6  10 5  14 6  18 6  21 5
 12  4  0.7082536
 12  5  0.7499144
 12 10  0.7100912
 12 14  0.7499145
 12 18  0.7939372
 12 21  0.6699112
 13    6        3 5   7 6   9 5  16 6  19 6  22 5
 13  3  0.7082535
 13  7  0.7499145
 13  9  0.7100912
 13 16  0.7499145
 13 19  0.7939372
 13 22  0.6699113
 14    6        5 6   8 5  12 6  17 6  21 5  23 5
 14  5  0.7499144
 14  8  0.6699112
 14 12  0.7499145
 14 17  0.7939371
 14 21  0.7082536
 14 23  0.7100912
 15    6        6 6   9 5  11 6  19 6  20 5  24 5
 15  6  0.7499145
 15  9  0.6699112
 15 11  0.7499145
 15 19  0.7939372
 15 20  0.7082535
 15 24  0.7100912
 16    6        7 6  10 5  13 6  18 6  22 5  25 5
 16  7  0.7499145
 16 10  0.6699112
 16 13  0.7499145
 16 18  0.7939372
 16 22  0.7082535
 16 25  0.7100912
 17    6        8 5  11 6  14 6  20 5  23 5  26 6
 17  8  0.6651738
 17 11  0.7939371
 17 14  0.7939371
 17 20  0.6651738
 17 23  0.6651738
 17 26  0.7939372
 18    6       10 5  12 6  16 6  21 5  25 5  27 6
 18 10  0.6651738
 18 12  0.7939372
 18 16  0.7939372
 18 21  0.6651738
 18 25  0.6651738
 18 27  0.7939373
 19    6        9 5  13 6  15 6  22 5  24 5  28 6
 19  9  0.6651738
 19 13  0.7939372
 19 15  0.7939372
 19 22  0.6651738
 19 24  0.6651738
 19 28  0.7939372
 20    5       11 6  15 6  17 6  24 5  26 6
 20 11  0.6699112
 20 15  0.7082535
 20 17  0.6651738
 20 24  0.6391230
 20 26  0.7100912
 21    5       12 6  14 6  18 6  23 5  27 6
 21 12  0.6699112
 21 14  0.7082536
 21 18  0.6651738
 21 23  0.6391230
 21 27  0.7100911
 22    5       13 6  16 6  19 6  25 5  28 6
 22 13  0.6699113
 22 16  0.7082535
 22 19  0.6651738
 22 25  0.6391230
 22 28  0.7100912
 23    5       14 6  17 6  21 5  26 6  27 6
 23 14  0.7100912
 23 17  0.6651738
 23 21  0.6391230
 23 26  0.6699112
 23 27  0.7082535
 24    5       15 6  19 6  20 5  26 6  28 6
 24 15  0.7100912
 24 19  0.6651738
 24 20  0.6391230
 24 26  0.7082535
 24 28  0.6699112
 25    5       16 6  18 6  22 5  27 6  28 6
 25 16  0.7100912
 25 18  0.6651738
 25 22  0.6391230
 25 27  0.6699113
 25 28  0.7082536
 26    6       17 6  20 5  23 5  24 5  27 6  28 6
 26 17  0.7939372
 26 20  0.7100912
 26 23  0.6699112
 26 24  0.7082535
 26 27  0.7499145
 26 28  0.7499145
 27    6       18 6  21 5  23 5  25 5  26 6  28 6
 27 18  0.7939373
 27 21  0.7100911
 27 23  0.7082535
 27 25  0.6699113
 27 26  0.7499145
 27 28  0.7499144
 28    6       19 6  22 5  24 5  25 5  26 6  27 6
 28 19  0.7939372
 28 22  0.7100912
 28 24  0.6699112
 28 25  0.7082536
 28 26  0.7499145
 28 27  0.7499144
   0.6391230   0.7939373
