          29           1   3.4309531102127200     
  1 284.77805882   0.00003126  0.0000001391500 -0.0000005274793  0.9999999999999
  2 359.99999244  37.60903139  0.6102700429518 -0.0000000805110  0.7921934578596
  3 120.00004199  37.60899419 -0.3051351516728  0.5285086913348  0.7921938540517
  4 240.00006003  37.60904679 -0.3051345742060 -0.5285098643844  0.7921932938826
  5  61.97296305  46.13647577  0.3387857919650  0.6364387080067  0.6929429688751
  6 181.97301289  46.13649172 -0.7205651562136 -0.0248228852267  0.6929427682138
  7 301.97297348  46.13652817  0.3817796400445 -0.6116169243897  0.6929423094656
  8  22.66072386  69.43108564  0.8639740230729  0.3607124758603  0.3513337405005
  9 142.66074243  69.43106671 -0.7443732708025  0.5678669025918  0.3513340499518
 10 262.66073967  69.43111937 -0.1196006141281 -0.9285799282497  0.3513331893686
 11  99.30439193  74.52102459 -0.1558151020352  0.9510489899467  0.2668847554639
 12 219.30440085  74.52106786 -0.7457250954824 -0.6104645753038  0.2668840277479
 13 339.30438545  74.52107065  0.9015402987457 -0.3405848360958  0.2668839807092
 14  56.78233131  89.99997988  0.5478212361690  0.8365954178706  0.0000003511747
 15 176.78233171  89.99999166 -0.9984235030389  0.0561293914060  0.0000001455478
 16 296.78233159  90.00002946  0.4506022708150 -0.8927248140027 -0.0000005141987
 17  14.26027811 105.47894453  0.9340329726230  0.2373925243255 -0.2668842360414
 18 134.26026558 105.47892054 -0.6726043700773  0.6902002472059 -0.2668838326123
 19 254.26026658 105.47897274 -0.2614286806674 -0.9275923652911 -0.2668847106491
 20  90.90392968 110.56888210 -0.0147701891300  0.9361339726216 -0.3513332133698
 21 210.90391764 110.56891932 -0.8033306122973 -0.4808580592253 -0.3513338216343
 22 330.90393632 110.56892880  0.8181006986907 -0.4552753933219 -0.3513339764916
 23  51.59170036 133.86348407  0.4479249753615  0.5649725291329 -0.6929424635369
 24 171.59165381 133.86349167 -0.7132428737283  0.1054287091521 -0.6929425592084
 25 291.59168552 133.86353044  0.2653176949442 -0.6704002195026 -0.6929430470395
 26 113.56462461 142.39094771 -0.2439758128701  0.5593797285238 -0.7921932352975
 27 233.56460389 142.39099541 -0.3624489347107 -0.4909784544760 -0.7921937433276
 28 353.56466705 142.39098413  0.6064245120889 -0.0684001067092 -0.7921936231376
 29 101.57144842 179.99997146 -0.0000000999069  0.0000004879426 -0.9999999999999
  1    6        2 5   3 5   4 5   5 6   6 6   7 6
  1  2  0.6446804
  1  3  0.6446805
  1  4  0.6446804
  1  5  0.7836547
  1  6  0.7836546
  1  7  0.7836546
  2    5        1 6   5 6   7 6   8 5  13 6
  2  1  0.6446804
  2  5  0.6990055
  2  7  0.6604043
  2  8  0.6235676
  2 13  0.6904972
  3    5        1 6   5 6   6 6   9 5  11 6
  3  1  0.6446805
  3  5  0.6604043
  3  6  0.6990055
  3  9  0.6235676
  3 11  0.6904972
  4    5        1 6   6 6   7 6  10 5  12 6
  4  1  0.6446804
  4  6  0.6604043
  4  7  0.6990055
  4 10  0.6235676
  4 12  0.6904972
  5    6        1 6   2 5   3 5   8 5  11 6  14 6
  5  1  0.7836547
  5  2  0.6990055
  5  3  0.6604043
  5  8  0.6845031
  5 11  0.7246622
  5 14  0.7509514
  6    6        1 6   3 5   4 5   9 5  12 6  15 6
  6  1  0.7836546
  6  3  0.6990055
  6  4  0.6604043
  6  9  0.6845031
  6 12  0.7246621
  6 15  0.7509514
  7    6        1 6   2 5   4 5  10 5  13 6  16 6
  7  1  0.7836546
  7  2  0.6604043
  7  4  0.6990055
  7 10  0.6845031
  7 13  0.7246621
  7 16  0.7509514
  8    5        2 5   5 6  13 6  14 6  17 6
  8  2  0.6235676
  8  5  0.6845031
  8 13  0.7073619
  8 14  0.6707103
  8 17  0.6342787
  9    5        3 5   6 6  11 6  15 6  18 6
  9  3  0.6235676
  9  6  0.6845031
  9 11  0.7073619
  9 15  0.6707103
  9 18  0.6342787
 10    5        4 5   7 6  12 6  16 6  19 6
 10  4  0.6235676
 10  7  0.6845031
 10 12  0.7073619
 10 16  0.6707103
 10 19  0.6342788
 11    6        3 5   5 6   9 5  14 6  18 6  20 5
 11  3  0.6904972
 11  5  0.7246622
 11  9  0.7073619
 11 14  0.7612036
 11 18  0.7874148
 11 20  0.6342788
 12    6        4 5   6 6  10 5  15 6  19 6  21 5
 12  4  0.6904972
 12  6  0.7246621
 12 10  0.7073619
 12 15  0.7612037
 12 19  0.7874148
 12 21  0.6342787
 13    6        2 5   7 6   8 5  16 6  17 6  22 5
 13  2  0.6904972
 13  7  0.7246621
 13  8  0.7073619
 13 16  0.7612036
 13 17  0.7874148
 13 22  0.6342787
 14    6        5 6   8 5  11 6  17 6  20 5  23 6
 14  5  0.7509514
 14  8  0.6707103
 14 11  0.7612036
 14 17  0.7612036
 14 20  0.6707103
 14 23  0.7509513
 15    6        6 6   9 5  12 6  18 6  21 5  24 6
 15  6  0.7509514
 15  9  0.6707103
 15 12  0.7612037
 15 18  0.7612037
 15 21  0.6707103
 15 24  0.7509514
 16    6        7 6  10 5  13 6  19 6  22 5  25 6
 16  7  0.7509514
 16 10  0.6707103
 16 13  0.7612036
 16 19  0.7612036
 16 22  0.6707103
 16 25  0.7509513
 17    6        8 5  13 6  14 6  22 5  23 6  28 5
 17  8  0.6342787
 17 13  0.7874148
 17 14  0.7612036
 17 22  0.7073619
 17 23  0.7246621
 17 28  0.6904972
 18    6        9 5  11 6  15 6  20 5  24 6  26 5
 18  9  0.6342787
 18 11  0.7874148
 18 15  0.7612037
 18 20  0.7073619
 18 24  0.7246622
 18 26  0.6904973
 19    6       10 5  12 6  16 6  21 5  25 6  27 5
 19 10  0.6342788
 19 12  0.7874148
 19 16  0.7612036
 19 21  0.7073619
 19 25  0.7246622
 19 27  0.6904972
 20    5       11 6  14 6  18 6  23 6  26 5
 20 11  0.6342788
 20 14  0.6707103
 20 18  0.7073619
 20 23  0.6845031
 20 26  0.6235676
 21    5       12 6  15 6  19 6  24 6  27 5
 21 12  0.6342787
 21 15  0.6707103
 21 19  0.7073619
 21 24  0.6845031
 21 27  0.6235676
 22    5       13 6  16 6  17 6  25 6  28 5
 22 13  0.6342787
 22 16  0.6707103
 22 17  0.7073619
 22 25  0.6845031
 22 28  0.6235676
 23    6       14 6  17 6  20 5  26 5  28 5  29 6
 23 14  0.7509513
 23 17  0.7246621
 23 20  0.6845031
 23 26  0.6990055
 23 28  0.6604043
 23 29  0.7836547
 24    6       15 6  18 6  21 5  26 5  27 5  29 6
 24 15  0.7509514
 24 18  0.7246622
 24 21  0.6845031
 24 26  0.6604043
 24 27  0.6990055
 24 29  0.7836547
 25    6       16 6  19 6  22 5  27 5  28 5  29 6
 25 16  0.7509513
 25 19  0.7246622
 25 22  0.6845031
 25 27  0.6604043
 25 28  0.6990055
 25 29  0.7836546
 26    5       18 6  20 5  23 6  24 6  29 6
 26 18  0.6904973
 26 20  0.6235676
 26 23  0.6990055
 26 24  0.6604043
 26 29  0.6446806
 27    5       19 6  21 5  24 6  25 6  29 6
 27 19  0.6904972
 27 21  0.6235676
 27 24  0.6990055
 27 25  0.6604043
 27 29  0.6446804
 28    5       17 6  22 5  23 6  25 6  29 6
 28 17  0.6904972
 28 22  0.6235676
 28 23  0.6604043
 28 25  0.6990055
 28 29  0.6446805
 29    6       23 6  24 6  25 6  26 5  27 5  28 5
 29 23  0.7836547
 29 24  0.7836547
 29 25  0.7836546
 29 26  0.6446806
 29 27  0.6446804
 29 28  0.6446805
   0.6235676   0.7874148
