          30           1   3.4551257520617611     
  1 180.00000057  17.64041609 -0.3030421903306 -0.0000000030124  0.9529771407960
  2 359.99996960  17.64041221  0.3030421257289 -0.0000001607815  0.9529771613390
  3  93.31445352  36.41370376 -0.0343201574873  0.5926184254303  0.8047518428874
  4 273.31444905  36.41371326  0.0343201188660 -0.5926185612342  0.8047517445286
  5  27.52734816  50.58473138  0.6851026394916  0.3570575902838  0.6349364145979
  6 207.52735283  50.58473821 -0.6851026775083 -0.3570576810542  0.6349363225325
  7 150.70001373  53.29255030 -0.6991362272868  0.3923367326038  0.5977293902301
  8 330.70000721  53.29255322  0.6991362091764 -0.3923368270764  0.5977293494033
  9  70.27259256  68.33771292  0.3137066671079  0.8748299255787  0.3691351084956
 10 250.27259219  68.33772207 -0.3137066926869 -0.8748299790239  0.3691349600951
 11 108.78545193  77.85082873 -0.3148129126433  0.9255271040443  0.2104576197539
 12 288.78545110  77.85083657  0.3148129085142 -0.9255271358866  0.2104574858975
 13   2.69725359  85.32401846  0.9955674671539  0.0469019424334  0.0815207098890
 14 182.69725311  85.32402024 -0.9955674700837 -0.0469019342837  0.0815206787976
 15  40.21389512  88.26646802  0.7632899753733  0.6453474079018  0.0302512249169
 16 220.21389396  88.26647461 -0.7632899911307 -0.6453473946540  0.0302511099457
 17 143.88632528  90.52762066 -0.8078149853067  0.5893641925231 -0.0092085875954
 18 323.88632608  90.52762482  0.8078149929448 -0.5893641809189 -0.0092086602386
 19  75.73667472 107.39019967  0.2351170910004  0.9248741284728 -0.2988775669087
 20 255.73667284 107.39020736 -0.2351171114663 -0.9248740818873 -0.2988776949672
 21 164.39897273 120.97366043 -0.8258152835262  0.2305877305665 -0.5146439701452
 22 344.39897846 120.97366245  0.8258152890826 -0.2305876431405 -0.5146440004006
 23 117.62704084 121.30513812 -0.3962031118945  0.7569962787967 -0.5195957351760
 24 297.62704351 121.30514520  0.3962031173632 -0.7569962034862 -0.5195958407254
 25  29.03466107 123.41264970  0.7298231327011  0.4051249251002 -0.5506650434129
 26 209.03465542 123.41265371 -0.7298231388946 -0.4051248343645 -0.5506651019587
 27  74.17029201 146.59321715  0.1501866115187  0.5296997664221 -0.8347826897899
 28 254.17028852 146.59322414 -0.1501866159918 -0.5296996593013 -0.8347827569572
 29 162.22681363 158.50119838 -0.3489904526999  0.1118684449116 -0.9304252334053
 30 342.22683267 158.50120091  0.3489904508494 -0.1118683163865 -0.9304252495525
  1    5        2 5   3 6   4 6   6 6   7 6
  1  2  0.6060843
  1  3  0.6673671
  1  4  0.6978402
  1  6  0.6120542
  1  7  0.6610745
  2    5        1 5   3 6   4 6   5 6   8 6
  2  1  0.6060843
  2  3  0.6978402
  2  4  0.6673671
  2  5  0.6120543
  2  8  0.6610746
  3    6        1 5   2 5   5 6   7 6   9 5  11 6
  3  1  0.6673671
  3  2  0.6978402
  3  5  0.7758191
  3  7  0.7245353
  3  9  0.6249223
  3 11  0.7366750
  4    6        1 5   2 5   6 6   8 6  10 5  12 6
  4  1  0.6978402
  4  2  0.6673671
  4  6  0.7758192
  4  8  0.7245354
  4 10  0.6249223
  4 12  0.7366750
  5    6        2 5   3 6   8 6   9 5  13 6  15 5
  5  2  0.6120543
  5  3  0.7758191
  5  8  0.7504487
  5  9  0.6904154
  5 13  0.7062958
  5 15  0.6744394
  6    6        1 5   4 6   7 6  10 5  14 6  16 5
  6  1  0.6120542
  6  4  0.7758192
  6  7  0.7504487
  6 10  0.6904154
  6 14  0.7062958
  6 16  0.6744394
  7    6        1 5   3 6   6 6  11 6  14 6  17 5
  7  1  0.6610745
  7  3  0.7245353
  7  6  0.7504487
  7 11  0.7628734
  7 14  0.7397794
  7 17  0.6473056
  8    6        2 5   4 6   5 6  12 6  13 6  18 5
  8  2  0.6610746
  8  4  0.7245354
  8  5  0.7504487
  8 12  0.7628734
  8 13  0.7397794
  8 18  0.6473057
  9    5        3 6   5 6  11 6  15 5  19 6
  9  3  0.6249223
  9  5  0.6904154
  9 11  0.6502196
  9 15  0.6079718
  9 19  0.6744788
 10    5        4 6   6 6  12 6  16 5  20 6
 10  4  0.6249223
 10  6  0.6904154
 10 12  0.6502197
 10 16  0.6079717
 10 20  0.6744788
 11    6        3 6   7 6   9 5  17 5  19 6  23 6
 11  3  0.7366750
 11  7  0.7628734
 11  9  0.6502196
 11 17  0.6358536
 11 19  0.7495636
 11 23  0.7536610
 12    6        4 6   8 6  10 5  18 5  20 6  24 6
 12  4  0.7366750
 12  8  0.7628734
 12 10  0.6502197
 12 18  0.6358536
 12 20  0.7495636
 12 24  0.7536610
 13    6        5 6   8 6  15 5  18 5  22 5  25 6
 13  5  0.7062958
 13  8  0.7397794
 13 15  0.6439863
 13 18  0.6695650
 13 22  0.6791382
 13 25  0.7736941
 14    6        6 6   7 6  16 5  17 5  21 5  26 6
 14  6  0.7062958
 14  7  0.7397794
 14 16  0.6439863
 14 17  0.6695650
 14 21  0.6791381
 14 26  0.7736941
 15    5        5 6   9 5  13 6  19 6  25 6
 15  5  0.6744394
 15  9  0.6079718
 15 13  0.6439863
 15 19  0.6822225
 15 25  0.6295161
 16    5        6 6  10 5  14 6  20 6  26 6
 16  6  0.6744394
 16 10  0.6079717
 16 14  0.6439863
 16 20  0.6822224
 16 26  0.6295161
 17    5        7 6  11 6  14 6  21 5  23 6
 17  7  0.6473056
 17 11  0.6358536
 17 14  0.6695650
 17 21  0.6200883
 17 23  0.6767717
 18    5        8 6  12 6  13 6  22 5  24 6
 18  8  0.6473057
 18 12  0.6358536
 18 13  0.6695650
 18 22  0.6200883
 18 24  0.6767717
 19    6        9 5  11 6  15 5  23 6  25 6  27 5
 19  9  0.6744788
 19 11  0.7495636
 19 15  0.6822225
 19 23  0.6895395
 19 25  0.7604408
 19 27  0.6712453
 20    6       10 5  12 6  16 5  24 6  26 6  28 5
 20 10  0.6744788
 20 12  0.7495636
 20 16  0.6822224
 20 24  0.6895395
 20 26  0.7604408
 20 28  0.6712453
 21    5       14 6  17 5  23 6  26 6  29 6
 21 14  0.6791381
 21 17  0.6200883
 21 23  0.6794829
 21 26  0.6439274
 21 29  0.6436849
 22    5       13 6  18 5  24 6  25 6  30 6
 22 13  0.6791382
 22 18  0.6200883
 22 24  0.6794829
 22 25  0.6439274
 22 30  0.6436849
 23    6       11 6  17 5  19 6  21 5  27 5  29 6
 23 11  0.7536610
 23 17  0.6767717
 23 19  0.6895395
 23 21  0.6794829
 23 27  0.6704836
 23 29  0.7662897
 24    6       12 6  18 5  20 6  22 5  28 5  30 6
 24 12  0.7536610
 24 18  0.6767717
 24 20  0.6895395
 24 22  0.6794829
 24 28  0.6704836
 24 30  0.7662897
 25    6       13 6  15 5  19 6  22 5  27 5  30 6
 25 13  0.7736941
 25 15  0.6295161
 25 19  0.7604408
 25 22  0.6439274
 25 27  0.6574345
 25 30  0.7460116
 26    6       14 6  16 5  20 6  21 5  28 5  29 6
 26 14  0.7736941
 26 16  0.6295161
 26 20  0.7604408
 26 21  0.6439274
 26 28  0.6574346
 26 29  0.7460117
 27    5       19 6  23 6  25 6  29 6  30 6
 27 19  0.6712453
 27 23  0.6704836
 27 25  0.6574345
 27 29  0.6579576
 27 30  0.6784394
 28    5       20 6  24 6  26 6  29 6  30 6
 28 20  0.6712453
 28 24  0.6704836
 28 26  0.6574346
 28 29  0.6784394
 28 30  0.6579576
 29    6       21 5  23 6  26 6  27 5  28 5  30 6
 29 21  0.6436849
 29 23  0.7662897
 29 26  0.7460117
 29 27  0.6579576
 29 28  0.6784394
 29 30  0.7329634
 30    6       22 5  24 6  25 6  27 5  28 5  29 6
 30 22  0.6436849
 30 24  0.7662897
 30 25  0.7460116
 30 27  0.6784394
 30 28  0.6579576
 30 29  0.7329634
   0.6060843   0.7758192
