
         31          59   3.479801809530875    
 1 129.38820501   0.00000906 -0.0000001003239  0.0000001221876  1.0000000000000
 2   0.00001092  38.43020500  0.6215608388842  0.0000001185135  0.7833658937977
 3 239.99999136  38.43020769 -0.3107805190079 -0.5382874614285  0.7833658646342
 4 120.00000370  38.43021944 -0.3107805529089  0.5382876274272  0.7833657371193
 5 300.00000059  42.88888093  0.3402893539468 -0.5893984362249  0.7326749886314
 6  60.00001094  42.88889343  0.3402893152120  0.5893986431203  0.7326748401852
 7 179.99999467  42.88889586 -0.6805788865820  0.0000000633190  0.7326748113173
 8 217.29848761  72.32609698 -0.7579422639812 -0.5773656580617  0.3035991129137
 9 262.70151139  72.32609037 -0.1210422072935 -0.9450800474044  0.3035992227455
10  22.70151605  72.32609371  0.8789844197247  0.3677144755713  0.3035991672197
11 337.29849179  72.32608822  0.8789844432253 -0.3677143440633  0.3035992584609
12  97.29849152  72.32610369 -0.1210422641345  0.9450801112992  0.3035990011841
13 142.70151219  72.32610447 -0.7579422935330  0.5773656848427  0.3035989882066
14  60.00000268  81.60648964  0.4946443962958  0.8567493186626  0.1459709771988
15 300.00000174  81.60647761  0.4946444470419 -0.8567492539990  0.1459711847688
16 180.00000059  81.60649209 -0.9892888790269 -0.0000000101641  0.1459709348937
17   0.00000030 101.29731554  0.9806238380610  0.0000000050945 -0.1959001996592
18 240.00000353 101.29731872 -0.4903118612925 -0.8492451760923 -0.1959002541087
19 120.00000079 101.29732947 -0.4903119069134  0.8492451073423 -0.1959004379631
20 201.41560123 113.62033619 -0.8529614333788 -0.3345398847191 -0.4006742551006
21 321.41559763 113.62032441  0.7162007839457 -0.5714164237495 -0.4006740667237
22 158.58440604 113.62034049 -0.8529614478642  0.3345397654775 -0.4006743238238
23  38.58440095 113.62033285  0.7162007518902  0.5714163692228 -0.4006742017852
24  81.41559479 113.62033866  0.1367607772822  0.9059561796409 -0.4006742946179
25 278.58440733 113.62032589  0.1367608241013 -0.9059562628516 -0.4006740904915
26 240.00000992 136.56951599 -0.3437368893884 -0.5953699949761 -0.7262090056972
27 359.99999456 136.56951261  0.6874740277785 -0.0000000653156 -0.7262089651953
28 119.99999910 136.56952618 -0.3437369185323  0.5953698290131 -0.7262091279644
29 300.00000548 154.81285647  0.2127881596342 -0.3685598222694 -0.9049225693551
30 180.00001403 154.81287048 -0.4255760275107 -0.0000001041787 -0.9049226733861
31  59.99998429 154.81286739  0.2127881392213  0.3685596350148 -0.9049226504207
 1    6        2 5   3 5   4 5   5 6   6 6   7 6
 1  2  0.6582312
 1  3  0.6582313
 1  4  0.6582313
 1  5  0.7311978
 1  6  0.7311978
 1  7  0.7311978
 2    5        1 6   5 6   6 6  10 6  11 6
 2  1  0.6582312
 2  5  0.6550373
 2  6  0.6550373
 2 10  0.6570060
 2 11  0.6570060
 3    5        1 6   5 6   7 6   8 6   9 6
 3  1  0.6582313
 3  5  0.6550373
 3  7  0.6550373
 3  8  0.6570060
 3  9  0.6570060
 4    5        1 6   6 6   7 6  12 6  13 6
 4  1  0.6582313
 4  6  0.6550373
 4  7  0.6550373
 4 12  0.6570060
 4 13  0.6570060
 5    6        1 6   2 5   3 5   9 6  11 6  15 5
 5  1  0.7311978
 5  2  0.6550373
 5  3  0.6550373
 5  9  0.7234931
 5 11  0.7234931
 5 15  0.6629655
 6    6        1 6   2 5   4 5  10 6  12 6  14 5
 6  1  0.7311978
 6  2  0.6550373
 6  4  0.6550373
 6 10  0.7234930
 6 12  0.7234930
 6 14  0.6629655
 7    6        1 6   3 5   4 5   8 6  13 6  16 5
 7  1  0.7311978
 7  3  0.6550373
 7  4  0.6550373
 7  8  0.7234930
 7 13  0.7234931
 7 16  0.6629655
 8    6        3 5   7 6   9 6  16 5  18 5  20 6
 8  3  0.6570060
 8  7  0.7234930
 8  9  0.7354289
 8 16  0.6416533
 8 18  0.6285254
 8 20  0.7509954
 9    6        3 5   5 6   8 6  15 5  18 5  25 6
 9  3  0.6570060
 9  5  0.7234931
 9  8  0.7354289
 9 15  0.6416533
 9 18  0.6285254
 9 25  0.7509954
10    6        2 5   6 6  11 6  14 5  17 5  23 6
10  2  0.6570060
10  6  0.7234930
10 11  0.7354288
10 14  0.6416533
10 17  0.6285254
10 23  0.7509953
11    6        2 5   5 6  10 6  15 5  17 5  21 6
11  2  0.6570060
11  5  0.7234931
11 10  0.7354288
11 15  0.6416533
11 17  0.6285254
11 21  0.7509953
12    6        4 5   6 6  13 6  14 5  19 5  24 6
12  4  0.6570060
12  6  0.7234930
12 13  0.7354289
12 14  0.6416533
12 19  0.6285254
12 24  0.7509953
13    6        4 5   7 6  12 6  16 5  19 5  22 6
13  4  0.6570060
13  7  0.7234931
13 12  0.7354289
13 16  0.6416533
13 19  0.6285254
13 22  0.7509953
14    5        6 6  10 6  12 6  23 6  24 6
14  6  0.6629655
14 10  0.6416533
14 12  0.6416533
14 23  0.6552275
14 24  0.6552275
15    5        5 6   9 6  11 6  21 6  25 6
15  5  0.6629655
15  9  0.6416533
15 11  0.6416533
15 21  0.6552275
15 25  0.6552275
16    5        7 6   8 6  13 6  20 6  22 6
16  7  0.6629655
16  8  0.6416533
16 13  0.6416533
16 20  0.6552275
16 22  0.6552275
17    5       10 6  11 6  21 6  23 6  27 5
17 10  0.6285254
17 11  0.6285254
17 21  0.6620941
17 23  0.6620941
17 27  0.6059408
18    5        8 6   9 6  20 6  25 6  26 5
18  8  0.6285254
18  9  0.6285254
18 20  0.6620941
18 25  0.6620941
18 26  0.6059408
19    5       12 6  13 6  22 6  24 6  28 5
19 12  0.6285254
19 13  0.6285254
19 22  0.6620941
19 24  0.6620941
19 28  0.6059408
20    6        8 6  16 5  18 5  22 6  26 5  30 6
20  8  0.7509954
20 16  0.6552275
20 18  0.6620941
20 22  0.6690797
20 26  0.6582665
20 30  0.7408385
21    6       11 6  15 5  17 5  25 6  27 5  29 6
21 11  0.7509953
21 15  0.6552275
21 17  0.6620941
21 25  0.6690796
21 27  0.6582666
21 29  0.7408385
22    6       13 6  16 5  19 5  20 6  28 5  30 6
22 13  0.7509953
22 16  0.6552275
22 19  0.6620941
22 20  0.6690797
22 28  0.6582665
22 30  0.7408385
23    6       10 6  14 5  17 5  24 6  27 5  31 6
23 10  0.7509953
23 14  0.6552275
23 17  0.6620941
23 24  0.6690797
23 27  0.6582666
23 31  0.7408386
24    6       12 6  14 5  19 5  23 6  28 5  31 6
24 12  0.7509953
24 14  0.6552275
24 19  0.6620941
24 23  0.6690797
24 28  0.6582665
24 31  0.7408385
25    6        9 6  15 5  18 5  21 6  26 5  29 6
25  9  0.7509954
25 15  0.6552275
25 18  0.6620941
25 21  0.6690796
25 26  0.6582665
25 29  0.7408385
26    5       18 5  20 6  25 6  29 6  30 6
26 18  0.6059408
26 20  0.6582665
26 25  0.6582665
26 29  0.6269781
26 30  0.6269781
27    5       17 5  21 6  23 6  29 6  31 6
27 17  0.6059408
27 21  0.6582666
27 23  0.6582666
27 29  0.6269781
27 31  0.6269781
28    5       19 5  22 6  24 6  30 6  31 6
28 19  0.6059408
28 22  0.6582665
28 24  0.6582665
28 30  0.6269781
28 31  0.6269781
29    6       21 6  25 6  26 5  27 5  30 6  31 6
29 21  0.7408385
29 25  0.7408385
29 26  0.6269781
29 27  0.6269781
29 30  0.7371194
29 31  0.7371194
30    6       20 6  22 6  26 5  28 5  29 6  31 6
30 20  0.7408385
30 22  0.7408385
30 26  0.6269781
30 28  0.6269781
30 29  0.7371194
30 31  0.7371194
31    6       23 6  24 6  27 5  28 5  29 6  30 6
31 23  0.7408386
31 24  0.7408385
31 27  0.6269781
31 28  0.6269781
31 29  0.7371194
31 30  0.7371194
  0.6059408   0.7509954
