          32           1   3.5048740807942242     
  1  94.88106356   0.00000214 -0.0000000031847  0.0000000372928  1.0000000000000
  2   0.00001006  37.37736792  0.6070619950906  0.0000001065411  0.7946544746722
  3 120.00000623  37.37736918 -0.3035310635318  0.5257310916424  0.7946544612294
  4 240.00000856  37.37736662 -0.3035309099896 -0.5257311391483  0.7946544884481
  5  60.00000813  41.81031667  0.3333332629683  0.5773503365201  0.7453559718142
  6 180.00000716  41.81031445 -0.6666666608653 -0.0000000833407  0.7453559976889
  7 300.00001024  41.81031399  0.3333334306314 -0.5773501994560  0.7453560030024
  8  22.23876503  70.52878079  0.8726779482619  0.3568222289935  0.3333333099369
  9 142.23876319  70.52877915 -0.7453560630153  0.5773501761028  0.3333333368873
 10 262.23876529  70.52877803 -0.1273218527926 -0.9341723717216  0.3333333552368
 11  97.76125103  70.52878063 -0.1273221209407  0.9341723504380  0.3333333124613
 12 217.76125254  70.52877819 -0.7453559001429 -0.5773503772728  0.3333333526444
 13 337.76125371  70.52877914  0.8726780560842 -0.3568219400028  0.3333333370093
 14  60.00000787  79.18768501  0.4911233595047  0.8506508814361  0.1875924403084
 15 180.00000739  79.18768171 -0.9822469420291 -0.0000001267728  0.1875924968500
 16 300.00001009  79.18768216  0.4911236216023 -0.8506507193359  0.1875924891821
 17   0.00000870 100.81231772  0.9822469439058  0.0000001492134 -0.1875924870234
 18 120.00000757 100.81231709 -0.4911235853258  0.8506507431129 -0.1875924763367
 19 240.00000790 100.81231580 -0.4911233578079 -0.8506508793554 -0.1875924541858
 20  37.76125217 109.47122227  0.7453559017349  0.5773503708136 -0.3333333602723
 21 157.76125112 109.47121967 -0.8726780463342  0.3568219820832 -0.3333333174894
 22 277.76125264 109.47121945  0.1273221470343 -0.9341723463827 -0.3333333138593
 23  82.23876389 109.47122203  0.1273218755904  0.9341723682492 -0.3333333562605
 24 202.23876356 109.47121921 -0.8726779574050 -0.3568222066814 -0.3333333098844
 25 322.23876485 109.47121994  0.7453560839463 -0.5773501577542 -0.3333333218648
 26   0.00000561 138.18968543  0.6666666624615  0.0000000652269 -0.7453559962612
 27 120.00000859 138.18968534 -0.3333334183241  0.5773502165647 -0.7453559952540
 28 240.00000694 138.18968344 -0.3333332742287 -0.5773503283183 -0.7453559731314
 29  60.00000692 142.62263370  0.3035309228460  0.5257311266451 -0.7946544918093
 30 180.00000780 142.62263060 -0.6070620156773 -0.0000000825964 -0.7946544589454
 31 300.00000618 142.62263063  0.3035310643455 -0.5257310940931 -0.7946544592972
 32 238.77479444 179.99999838 -0.0000000146301 -0.0000000241332 -1.0000000000000
  1    6        2 5   3 5   4 5   5 6   6 6   7 6
  1  2  0.6408518
  1  3  0.6408518
  1  4  0.6408519
  1  5  0.7136441
  1  6  0.7136442
  1  7  0.7136442
  2    5        1 6   5 6   7 6   8 6  13 6
  2  1  0.6408518
  2  5  0.6408518
  2  7  0.6408518
  2  8  0.6408519
  2 13  0.6408519
  3    5        1 6   5 6   6 6   9 6  11 6
  3  1  0.6408518
  3  5  0.6408518
  3  6  0.6408518
  3  9  0.6408519
  3 11  0.6408518
  4    5        1 6   6 6   7 6  10 6  12 6
  4  1  0.6408519
  4  6  0.6408519
  4  7  0.6408518
  4 10  0.6408519
  4 12  0.6408519
  5    6        1 6   2 5   3 5   8 6  11 6  14 5
  5  1  0.7136441
  5  2  0.6408518
  5  3  0.6408518
  5  8  0.7136441
  5 11  0.7136442
  5 14  0.6408519
  6    6        1 6   3 5   4 5   9 6  12 6  15 5
  6  1  0.7136442
  6  3  0.6408518
  6  4  0.6408519
  6  9  0.7136442
  6 12  0.7136442
  6 15  0.6408518
  7    6        1 6   2 5   4 5  10 6  13 6  16 5
  7  1  0.7136442
  7  2  0.6408518
  7  4  0.6408518
  7 10  0.7136442
  7 13  0.7136442
  7 16  0.6408519
  8    6        2 5   5 6  13 6  14 5  17 5  20 6
  8  2  0.6408519
  8  5  0.7136441
  8 13  0.7136441
  8 14  0.6408519
  8 17  0.6408519
  8 20  0.7136442
  9    6        3 5   6 6  11 6  15 5  18 5  21 6
  9  3  0.6408519
  9  6  0.7136442
  9 11  0.7136442
  9 15  0.6408518
  9 18  0.6408518
  9 21  0.7136441
 10    6        4 5   7 6  12 6  16 5  19 5  22 6
 10  4  0.6408519
 10  7  0.7136442
 10 12  0.7136442
 10 16  0.6408518
 10 19  0.6408518
 10 22  0.7136441
 11    6        3 5   5 6   9 6  14 5  18 5  23 6
 11  3  0.6408518
 11  5  0.7136442
 11  9  0.7136442
 11 14  0.6408518
 11 18  0.6408518
 11 23  0.7136441
 12    6        4 5   6 6  10 6  15 5  19 5  24 6
 12  4  0.6408519
 12  6  0.7136442
 12 10  0.7136442
 12 15  0.6408518
 12 19  0.6408518
 12 24  0.7136441
 13    6        2 5   7 6   8 6  16 5  17 5  25 6
 13  2  0.6408519
 13  7  0.7136442
 13  8  0.7136441
 13 16  0.6408518
 13 17  0.6408519
 13 25  0.7136441
 14    5        5 6   8 6  11 6  20 6  23 6
 14  5  0.6408519
 14  8  0.6408519
 14 11  0.6408518
 14 20  0.6408519
 14 23  0.6408518
 15    5        6 6   9 6  12 6  21 6  24 6
 15  6  0.6408518
 15  9  0.6408518
 15 12  0.6408518
 15 21  0.6408519
 15 24  0.6408518
 16    5        7 6  10 6  13 6  22 6  25 6
 16  7  0.6408519
 16 10  0.6408518
 16 13  0.6408518
 16 22  0.6408519
 16 25  0.6408518
 17    5        8 6  13 6  20 6  25 6  26 6
 17  8  0.6408519
 17 13  0.6408519
 17 20  0.6408518
 17 25  0.6408518
 17 26  0.6408518
 18    5        9 6  11 6  21 6  23 6  27 6
 18  9  0.6408518
 18 11  0.6408518
 18 21  0.6408518
 18 23  0.6408518
 18 27  0.6408519
 19    5       10 6  12 6  22 6  24 6  28 6
 19 10  0.6408518
 19 12  0.6408518
 19 22  0.6408519
 19 24  0.6408519
 19 28  0.6408519
 20    6        8 6  14 5  17 5  23 6  26 6  29 5
 20  8  0.7136442
 20 14  0.6408519
 20 17  0.6408518
 20 23  0.7136441
 20 26  0.7136442
 20 29  0.6408518
 21    6        9 6  15 5  18 5  24 6  27 6  30 5
 21  9  0.7136441
 21 15  0.6408519
 21 18  0.6408518
 21 24  0.7136441
 21 27  0.7136442
 21 30  0.6408519
 22    6       10 6  16 5  19 5  25 6  28 6  31 5
 22 10  0.7136441
 22 16  0.6408519
 22 19  0.6408519
 22 25  0.7136442
 22 28  0.7136442
 22 31  0.6408518
 23    6       11 6  14 5  18 5  20 6  27 6  29 5
 23 11  0.7136441
 23 14  0.6408518
 23 18  0.6408518
 23 20  0.7136441
 23 27  0.7136442
 23 29  0.6408519
 24    6       12 6  15 5  19 5  21 6  28 6  30 5
 24 12  0.7136441
 24 15  0.6408518
 24 19  0.6408519
 24 21  0.7136441
 24 28  0.7136441
 24 30  0.6408519
 25    6       13 6  16 5  17 5  22 6  26 6  31 5
 25 13  0.7136441
 25 16  0.6408518
 25 17  0.6408518
 25 22  0.7136442
 25 26  0.7136442
 25 31  0.6408519
 26    6       17 5  20 6  25 6  29 5  31 5  32 6
 26 17  0.6408518
 26 20  0.7136442
 26 25  0.7136442
 26 29  0.6408519
 26 31  0.6408518
 26 32  0.7136442
 27    6       18 5  21 6  23 6  29 5  30 5  32 6
 27 18  0.6408519
 27 21  0.7136442
 27 23  0.7136442
 27 29  0.6408519
 27 30  0.6408518
 27 32  0.7136441
 28    6       19 5  22 6  24 6  30 5  31 5  32 6
 28 19  0.6408519
 28 22  0.7136442
 28 24  0.7136441
 28 30  0.6408519
 28 31  0.6408518
 28 32  0.7136442
 29    5       20 6  23 6  26 6  27 6  32 6
 29 20  0.6408518
 29 23  0.6408519
 29 26  0.6408519
 29 27  0.6408519
 29 32  0.6408518
 30    5       21 6  24 6  27 6  28 6  32 6
 30 21  0.6408519
 30 24  0.6408519
 30 27  0.6408518
 30 28  0.6408519
 30 32  0.6408519
 31    5       22 6  25 6  26 6  28 6  32 6
 31 22  0.6408518
 31 25  0.6408519
 31 26  0.6408518
 31 28  0.6408518
 31 32  0.6408518
 32    6       26 6  27 6  28 6  29 5  30 5  31 5
 32 26  0.7136442
 32 27  0.7136441
 32 28  0.7136442
 32 29  0.6408518
 32 30  0.6408519
 32 31  0.6408518
   0.6408518   0.7136442
