Table of vertex degrees of at least 3-connected planar graphs with n vertices.

based on enumeration with plantri

Hugo Pfoertner 2020-12-08

Val = "valence" = number of edges incident with a vertex. (Berman & Hanes, 1970)

Vertices:  4
Val    3
Mesh   |
  1:   4   <-----  1[2 3 4] 2[1 4 3] 3[1 2 4] 4[1 3 2] (tetrahedron)

Vertices:  5
Val    3  4
Mesh   |  |
  1:   2  3   <----- 1[2 3 4 5] 2[1 5 4 3] 3[1 2 4] 4[1 3 2 5] 5[1 4 2] (double 5-pyramid)

Vertices:  6
Val    3  4  5
Mesh   |  |  |
  1:   2  2  2
  2:   0  6   <----- 1[2 3 4 5] 2[1 5 6 3] 3[1 2 6 4] 4[1 3 6 5] 5[1 4 6 2] 6[2 5 4 3] (octahedron)

Vertices:  7
Val    3  4  5  6
Mesh   |  |  |  |
  1:   2  2  2  1
  2:   2  3  0  2
  3:   3  0  3  1
  4:   0  5  2   <----- 1[2 3 4 5 6] 2[1 6 7 3] 3[1 2 7 4] 4[1 3 7 5] 5[1 4 7 6] 6[1 5 7 2] 7[2 6 5 4 3] (double 7-pyramid)
  5:   1  3  3

Vertices:  8
Val    3  4  5  6  7
Mesh   |  |  |  |  |
  1:   2  3  1  1  1
  2:   2  2  3  0  1
  3:   2  2  2  2
  4:   3  1  2  1  1
  5:   3  1  1  3
  6:   2  4  0  0  2
  7:   0  6  0  2
  8:   4  0  0  4
  9:   1  3  3  1
 10:   1  4  1  2
 11:   2  2  2  2
 12:   2  1  4  1
 13:   2  0  6
 14:   0  4  4     <----- 1[2 3 4 5] 2[1 5 6 7 3] 3[1 2 7 8 4] 4[1 3 8 6 5] 5[1 4 6 2] 6[2 5 4 8 7] 7[2 6 8 3] 8[3 7 6 4] , see A339260

Vertices:  9
Val    4  5  6  7
Mesh   |  |  |  |
  1:   3  6     <----- 1[2 3 4 5] 2[1 5 6 7 3] 3[1 2 7 8 4] 4[1 3 8 9 5] 5[1 4 9 6 2] 6[2 5 9 7] 7[2 6 9 8 3] 8[3 7 9 4] 9[4 8 7 6 5] , see A339261
  2:   4  4  1
  3:   5  2  2
  4:   7  0  0  2

Vertices: 10
Val    4  5  6  7  8
Mesh   |  |  |  |  |
  1:   2  8     <----- 1[2 3 4 5] 2[1 5 6 7 3] 3[1 2 7 8 4] 4[1 3 8 9 5] 5[1 4 9 6 2] 6[2 5 9 10 7] 7[2 6 10 8 3] 8[3 7 10 9 4] 9[4 8 10 6 5] 10[6 9 8 7] , see A339262
  2:   3  6  1
  3:   5  3  1  1
  4:   4  4  2
  5:   4  4  2
  6:   6  0  4
  7:   4  4  2
  8:   6  2  0  2
  9:   8  0  0  0  2
 10:   5  2  3

Vertices: 11
Val    4  5  6  7  8  9
Mesh   |  |  |  |  |  |
  1:   2  8  1     <----- 1[2 3 4 5 6 7] 2[1 7 8 9 3] 3[1 2 9 4] 4[1 3 9 10 5] 5[1 4 10 11 6] 6[1 5 11 7] 7[1 6 11 8 2] 8[2 7 11 10 9] 9[2 8 10 4 3] 10[4 9 8 11 5] 11[5 10 8 7 6] , see A339263
  2:   4  5  1  1
  3:   5  3  2  1
  4:   6  3  0  1  1
  5:   5  3  2  1
  6:   4  5  1  1
  7:   6  2  2  0  1
  8:   4  4  3
  9:   4  4  3
 10:   3  6  2
 11:   4  5  1  1
 12:   3  6  2
 13:   4  4  3
 14:   5  2  4
 15:   5  2  4
 16:   5  4  0  2
 17:   7  0  2  2
 18:   6  2  1  2
 19:   7  2  0  0  2
 20:   9  0  0  0  0  2
 21:   5  3  2  1
 22:   6  1  3  1
 23:   6  0  5
 24:   4  4  3
 25:   5  4  0  2

Vertices: 12
Val    4  5  6  7  8
Mesh (only selected items)
  1:   2  8  2
  2:   0 12     <----- Icosahedron, see A339259
  3:   3  7  1  1
 28:   3  6  3
 36:   2  8  2
 37:   3  7  1  1
 43:   3  6  3
 45:   3  6  3
 46:   3  6  3
 79:   3  6  3
...
 87:   6  4  0  0  2

Vertices: 13
Val    4  5  6  7  8
Mesh (only selected items)
  1:   1 10  2     <----- 1[2 3 4 5 6] 2[1 6 7 8 3] 3[1 2 8 9 4] 4[1 3 9 10 11 5] 5[1 4 11 12 6] 6[1 5 12 7 2] 7[2 6 12 13 8] 8[2 7 13 9 3] 9[3 8 13 10 4] 10[4 9 13 12 11] 11[4 10 12 5] 12[5 11 10 13 7 6] 13[7 12 10 9 8] 
  2:   2  8  3
  3:   3  7  2  1
 54:   3  7  2  1
 67:   3  7  2  1
 82:   3  7  2  1
 83:   3  7  2  1
108:   3  6  4
109:   2  8  3
131:   2  8  3
132:   2  9  1  1
143:   3  8  0  2
146:   3  7  2  1
147:   3  7  2  1
158:   3  6  4
159:   3  7  2  1
160:   3  6  4
164:   3  6  4
165:   3  6  4
180:   3  8  0  2
...
313:   5  5  1  1  1

Vertices: 14, A081621(14) = 1 meshes
Val    4  5  6
Mesh (only 5-connected shown for n >= 14)
  1:   0 12  2     <----- 1[2 3 4 5 6] 2[1 6 7 8 3] 3[1 2 8 9 4] 4[1 3 9 10 5] 5[1 4 10 11 6] 6[1 5 11 12 7 2] 7[2 6 12 13 8] 8[2 7 13 9 3] 9[3 8 13 14 10 4] 10[4 9 14 11 5] 11[5 10 14 12 6] 12[6 11 14 13 7] 13[7 12 14 9 8] 14[9 13 12 11 10]

Vertices: 15, A081621(15) = 1 meshes
Val    4  5  6
Mesh   |  |  |
  1:   0 12  3     <----- 1[2 3 4 5 6 7] 2[1 7 8 9 3] 3[1 2 9 10 4] 4[1 3 10 11 5] 5[1 4 11 12 6] 6[1 5 12 13 7] 7[1 6 13 8 2] 8[2 7 13 14 9] 9[2 8 14 10 3] 10[3 9 14 15 11 4] 11[4 10 15 12 5] 12[5 11 15 13 6] 13[6 12 15 14 8 7] 14[8 13 15 10 9] 15[10 14 13 12 11]

Vertices: 16, A081621(16) = 3 meshes 
Val    4  5  6  7  first time with more than 1 mesh satisfying condition
Mesh   |  |  |  | 
  1:   0 12  4   <--- ?
  2:   0 12  4   <--- ?  A339546(16) = 2
  3:   0 14  0  2

Vertices: 17, A081621(17) = 4 meshes 
Val    4  5  6  7
Mesh   |  |  |  |
  1:   0 12  5   <--- ?
  2:   0 12  5   <--- ?
  3:   0 13  3  1
  4:   0 12  5   <--- ?  A339546(17) = 3

Vertices: 18, A081621(18) = 12 meshes 
Val    4  5  6  7  8
Mesh   |  |  |  |  |
  1:   0 12  6   <--- ?
  2:   0 12  6   <--- ?
  3:   0 13  4  1
  4:   0 13  4  1
  5:   0 14  2  2
  6:   0 14  2  2
  7:   0 12  6   <--- ?
  8:   0 12  6   <--- ?
  9:   0 12  6   <--- ?
 10:   0 12  6   <--- ?  A339546(18) = 6
 11:   0 16  0  0  2
 12:   0 14  2  2

Vertices: 19, A081621(19) = 23 meshes 
Val    4  5  6  7  8
Mesh   |  |  |  |  |
  1:   0 14  3  2
  2:   0 12  7   <--- ?
  3:   0 12  7   <--- ?
  4:   0 12  7   <--- ?
  5:   0 13  5  1
  6:   0 14  3  2
  7:   0 12  7   <--- ?
  8:   0 12  7   <--- ?
  9:   0 12  7   <--- ?  A339546(19) = 6
 10:   0 15  1  3
 11:   0 13  5  1
 12:   0 13  5  1
 13:   0 13  5  1
 14:   0 14  3  2
 15:   0 14  3  2
 16:   0 13  5  1
 17:   0 13  5  1
 18:   0 13  5  1
 19:   0 14  4  0  1
 20:   0 15  2  1  1
 21:   0 13  5  1
 22:   0 14  3  2
 23:   0 16  0  2  1
