Symmetries of maximal volume configurations

N=   4
( 1)( 2)( 3)( 4)
( 1)( 2  4)( 3)
( 1)( 2)( 3  4)
( 1)( 2  3  4)
( 1)( 2  4  3)
( 1)( 2  3)( 4)
( 1  3)( 2)( 4)
( 1  3)( 2  4)
( 1  3  4)( 2)
( 1  3  4  2)
( 1  3  2  4)
( 1  3  2)( 4)
( 1  4  3)( 2)
( 1  4  2  3)
( 1  4)( 2)( 3)
( 1  4  2)( 3)
( 1  4)( 2  3)
( 1  4  3  2)
( 1  2  4  3)
( 1  2  3)( 4)
( 1  2  4)( 3)
( 1  2)( 3)( 4)
( 1  2  3  4)
( 1  2)( 3  4)
Group S4

N=   5
( 1)( 2)( 3)( 4)( 5)
( 1)( 2)( 3  4)( 5)
( 1)( 2  3)( 4)( 5)
( 1)( 2  3  4)( 5)
( 1)( 2  4  3)( 5)
( 1)( 2  4)( 3)( 5)
( 1  5)( 2)( 3)( 4)
( 1  5)( 2)( 3  4)
( 1  5)( 2  3)( 4)
( 1  5)( 2  3  4)
( 1  5)( 2  4  3)
( 1  5)( 2  4)( 3)
Dihedral, Order  12

N=   6
( 1)( 2)( 3)( 4)( 5)( 6)
( 1)( 2)( 3)( 4  5)( 6)
( 1)( 2  4)( 3  5)( 6)
( 1)( 2  4  3  5)( 6)
( 1)( 2  3)( 4)( 5)( 6)
( 1)( 2  3)( 4  5)( 6)
( 1)( 2  5  3  4)( 6)
( 1)( 2  5)( 3  4)( 6)
( 1  6)( 2)( 3)( 4)( 5)
( 1  6)( 2)( 3)( 4  5)
( 1  6)( 2  4)( 3  5)
( 1  6)( 2  4  3  5)
( 1  6)( 2  3)( 4)( 5)
( 1  6)( 2  3)( 4  5)
( 1  6)( 2  5  3  4)
( 1  6)( 2  5)( 3  4)
( 1  2)( 3  6)( 4)( 5)
( 1  2)( 3  6)( 4  5)
( 1  2  6  3)( 4)( 5)
( 1  2  6  3)( 4  5)
( 1  2  4)( 3  5  6)
( 1  2  4  6  3  5)
( 1  2  5  6  3  4)
( 1  2  5)( 3  4  6)
( 1  4  2)( 3  6  5)
( 1  4  3  6  5  2)
( 1  4  2  6  5  3)
( 1  4  3)( 2  6  5)
( 1  4)( 2)( 3)( 5  6)
( 1  4  6  5)( 2)( 3)
( 1  4)( 2  3)( 5  6)
( 1  4  6  5)( 2  3)
( 1  3  6  2)( 4)( 5)
( 1  3  6  2)( 4  5)
( 1  3)( 2  6)( 4)( 5)
( 1  3)( 2  6)( 4  5)
( 1  3  5  6  2  4)
( 1  3  5)( 2  4  6)
( 1  3  4)( 2  5  6)
( 1  3  4  6  2  5)
( 1  5  3  6  4  2)
( 1  5  2)( 3  6  4)
( 1  5  3)( 2  6  4)
( 1  5  2  6  4  3)
( 1  5  6  4)( 2)( 3)
( 1  5)( 2)( 3)( 4  6)
( 1  5  6  4)( 2  3)
( 1  5)( 2  3)( 4  6)
Group S4 x Z2

N=   7
( 1)( 2)( 3)( 4)( 5)( 6)( 7)
( 1)( 2)( 3  6)( 4  5)( 7)
( 1)( 2  3)( 4  6)( 5)( 7)
( 1)( 2  3  4  5  6)( 7)
( 1)( 2  4)( 3)( 5  6)( 7)
( 1)( 2  4  6  3  5)( 7)
( 1)( 2  5)( 3  4)( 6)( 7)
( 1)( 2  5  3  6  4)( 7)
( 1)( 2  6  5  4  3)( 7)
( 1)( 2  6)( 3  5)( 4)( 7)
( 1  7)( 2)( 3)( 4)( 5)( 6)
( 1  7)( 2)( 3  6)( 4  5)
( 1  7)( 2  3)( 4  6)( 5)
( 1  7)( 2  3  4  5  6)
( 1  7)( 2  4)( 3)( 5  6)
( 1  7)( 2  4  6  3  5)
( 1  7)( 2  5)( 3  4)( 6)
( 1  7)( 2  5  3  6  4)
( 1  7)( 2  6  5  4  3)
( 1  7)( 2  6)( 3  5)( 4)
Dihedral, Order  20

N=   8
( 1)( 2)( 3)( 4)( 5)( 6)( 7)( 8)
( 1  2)( 3)( 4)( 5  6)( 7)( 8)
( 1)( 2)( 3  4)( 5)( 6)( 7  8)
( 1  2)( 3  4)( 5  6)( 7  8)
( 1  8)( 2  7)( 3  5)( 4  6)
( 1  7  2  8)( 3  5  4  6)
( 1  8  2  7)( 3  6  4  5)
( 1  7)( 2  8)( 3  6)( 4  5)
Dihedral, Order   8

N=   9
( 1)( 2)( 3)( 4)( 5)( 6)( 7)( 8)( 9)
( 1  3)( 2)( 4)( 5  6)( 7  9)( 8)
( 1  8)( 2  7)( 3  9)( 4  6)( 5)
( 1  9  2  7  3  8)( 4  6  5)
( 1)( 2  3)( 4  5)( 6)( 7)( 8  9)
( 1  2  3)( 4  5  6)( 7  8  9)
( 1  2)( 3)( 4  6)( 5)( 7  8)( 9)
( 1  3  2)( 4  6  5)( 7  9  8)
( 1  9)( 2  8)( 3  7)( 4)( 5  6)
( 1  7)( 2  8)( 3  9)( 4)( 5)( 6)
( 1  8  3  7  2  9)( 4  5  6)
( 1  7)( 2  9)( 3  8)( 4  5)( 6)
Dihedral, Order  12

N=  10
( 1)( 2)( 3)( 4)( 5)( 6)( 7)( 8)( 9)(10)
( 1)( 2)( 3  4)( 5)( 6  7)( 8  9)(10)
( 1)( 2  3)( 4  5)( 6  9)( 7)( 8)(10)
( 1)( 2  3  5  4)( 6  7  9  8)(10)
( 1)( 2  4  5  3)( 6  8  9  7)(10)
( 1)( 2  4)( 3  5)( 6)( 7  8)( 9)(10)
( 1)( 2  5)( 3)( 4)( 6  8)( 7  9)(10)
( 1)( 2  5)( 3  4)( 6  9)( 7  8)(10)
( 1 10)( 2  6  4  8  5  9  3  7)
( 1 10)( 2  6)( 3  8)( 4  7)( 5  9)
( 1 10)( 2  7)( 3  6)( 4  9)( 5  8)
( 1 10)( 2  7  3  9  5  8  4  6)
( 1 10)( 2  8  3  6  5  7  4  9)
( 1 10)( 2  8)( 3  9)( 4  6)( 5  7)
( 1 10)( 2  9)( 3  7)( 4  8)( 5  6)
( 1 10)( 2  9  4  7  5  6  3  8)
Dihedral, Order  16

N=  11
( 1)( 2)( 3)( 4)( 5)( 6)( 7)( 8)( 9)(10)(11)
( 1)( 2)( 3)( 4  6)( 5  7)( 8)( 9)(10 11)
( 1)( 2  3)( 4  5)( 6  7)( 8  9)(10)(11)
( 1)( 2  3)( 4  7)( 5  6)( 8  9)(10 11)
Dihedral, Order   4

N=  12
( 1)( 2)( 3)( 4)( 5)( 6)( 7)( 8)( 9)(10)(11)(12)
( 1)( 2  4)( 3  5)( 6)( 7  9)( 8)(10 11)(12)
( 1)( 2  5)( 3)( 4  6)( 7  8)( 9 11)(10)(12)
( 1)( 2  6  4  5  3)( 7 11 10  9  8)(12)
( 1)( 2  3  5  4  6)( 7  8  9 10 11)(12)
( 1)( 2  6)( 3  4)( 5)( 7 10)( 8  9)(11)(12)
( 1)( 2)( 3  6)( 4  5)( 7 11)( 8 10)( 9)(12)
( 1)( 2  5  6  3  4)( 7  9 11  8 10)(12)
( 1)( 2  3)( 4)( 5  6)( 7)( 8 11)( 9 10)(12)
( 1)( 2  4  3  6  5)( 7 10  8 11  9)(12)
( 1 12)( 2  8)( 3  7)( 4 10)( 5 11)( 6  9)
( 1 12)( 2 10  5  7  6  9  3 11  4  8)
( 1 12)( 2  9)( 3  8)( 4 11)( 5  7)( 6 10)
( 1 12)( 2 11  6 10  4  9  5  8  3  7)
( 1 12)( 2  8  4 11  3  9  6  7  5 10)
( 1 12)( 2 11)( 3 10)( 4  8)( 5  9)( 6  7)
( 1 12)( 2  7  3  8  5  9  4 10  6 11)
( 1 12)( 2 10)( 3  9)( 4  7)( 5  8)( 6 11)
( 1 12)( 2  7)( 3 11)( 4  9)( 5 10)( 6  8)
( 1 12)( 2  9)( 3 10)( 4  7)( 5 11)( 6  8)
( 1  8)( 2  7)( 3)( 4  9)( 5)( 6 12)(10)(11)
( 1  8)( 2  9)( 3  5)( 4  7)( 6 12)(10 11)
( 1  8  2 12  6  9)( 3  7 11 10  4  5)
( 1  8  2  5  7)( 3)( 4 12  6  9 11)(10)
( 1  8  4  3  9)( 2 12  6  7 10)( 5)(11)
( 1  8  4 12  6  7)( 2  3  5  9 10 11)
( 1  8 10  2  5 12  6  3  9 11)( 4  7)
( 1  8 10)( 2  7 11)( 3 12  6)( 4  5  9)
( 1  8 11)( 2  3  7)( 4  9 10)( 5 12  6)
( 1  8 11  4  3 12  6  5  7 10)( 2  9)
( 1  2  3  7  8 12  9 10  4  6)( 5 11)
( 1  2  6)( 3 11  4)( 5  7 10)( 8 12  9)
( 1  2)( 3)( 4 11)( 5  7)( 6)( 8)( 9 12)(10)
( 1  2 11 10  4)( 3  7 12  9  5)( 6)( 8)
( 1  2  3)( 4 11  8)( 5  6  7)( 9 10 12)
( 1  2 11 12  9  5)( 3  6  7 10  8  4)
( 1  2  6 11 10 12  9  8  5  3)( 4  7)
( 1  2  7  8  5)( 3)( 4  6 11 12  9)(10)
( 1  2)( 3  6)( 4  7)( 5 11)( 8 10)( 9 12)
( 1  2  7 12  9  4)( 3 11  8 10  5  6)
( 1  3  7 11  6)( 2)( 4  5  8 12 10)( 9)
( 1  3  8 12 10  6)( 2  5  7  9 11  4)
( 1  3  5)( 2  8  4)( 6  7  9)(10 11 12)
( 1  3)( 2)( 4  8)( 5)( 6  7)( 9)(10 12)(11)
( 1  3)( 2  5)( 4  7)( 6  8)( 9 11)(10 12)
( 1  3  2  7 11 12 10  9  4  5)( 6  8)
( 1  3  5  8  9 12 10 11  6  2)( 4  7)
( 1  3  8  9  4)( 2  7 12 10  6)( 5)(11)
( 1  3  2)( 4  8 11)( 5  7  6)( 9 12 10)
( 1  3  7 12 10  4)( 2  8 11  9  6  5)
( 1  4  6)( 2  5 10)( 3  9 11)( 7  8 12)
( 1  4  5  9  8 12  7 11  2  6)( 3 10)
( 1  4 10 11  2)( 3  5  9 12  7)( 6)( 8)
( 1  4)( 2 10)( 3  9)( 5)( 6)( 7 12)( 8)(11)
( 1  4 10 12  7  3)( 2  5  6  9 11  8)
( 1  4  5)( 2 10  8)( 3  6  9)( 7 11 12)
( 1  4  9  8  3)( 2  6 10 12  7)( 5)(11)
( 1  4  6 10 11 12  7  8  3  5)( 2  9)
( 1  4  9 12  7  2)( 3  6  5 10  8 11)
( 1  4)( 2  9)( 3 10)( 5  6)( 7 12)( 8 11)
( 1  5  9 10  6)( 2  3  8 12 11)( 4)( 7)
( 1  5  8 12 11  6)( 2  4  3  9  7 10)
( 1  5)( 2  8)( 3)( 4)( 6  9)( 7)(10)(11 12)
( 1  5  3)( 2  4  8)( 6  9  7)(10 12 11)
( 1  5  4  9 10 12 11  7  2  3)( 6  8)
( 1  5)( 2  9)( 3  4)( 6  8)( 7 10)(11 12)
( 1  5  8  7  2)( 3)( 4  9 12 11  6)(10)
( 1  5  3  8  7 12 11 10  6  4)( 2  9)
( 1  5  9 12 11  2)( 3  4  8 10  7  6)
( 1  5  4)( 2  8 10)( 3  9  6)( 7 12 11)
( 1  6)( 2)( 3 11)( 4)( 5 10)( 7)( 8 12)( 9)
( 1  6)( 2  4)( 3 10)( 5 11)( 7  9)( 8 12)
( 1  6 10 12  8  3)( 2  4 11  9  7  5)
( 1  6 10  9  5)( 2 11 12  8  3)( 4)( 7)
( 1  6 11  7  3)( 2)( 4 10 12  8  5)( 9)
( 1  6 11 12  8  5)( 2 10  7  9  3  4)
( 1  6  4 10  9 12  8  7  3  2)( 5 11)
( 1  6  4)( 2 10  5)( 3 11  9)( 7 12  8)
( 1  6  2)( 3  4 11)( 5 10  7)( 8  9 12)
( 1  6  2 11  7 12  8  9  5  4)( 3 10)
( 1  7  5  2  8)( 3)( 4 11  9  6 12)(10)
( 1  7  6 12  4  8)( 2 11 10  9  5  3)
( 1  7  9)( 2 12  4)( 3  8  5)( 6 11 10)
( 1  7)( 2)( 3)( 4 12)( 5  8)( 6 11)( 9)(10)
( 1  7 10  5  2 12  4  3 11  9)( 6  8)
( 1  7)( 2  3)( 4 12)( 5 11)( 6  8)( 9 10)
( 1  7  5 12  4 11)( 2  3  8  9 10  6)
( 1  7 10)( 2 11  6)( 3 12  4)( 5  8  9)
( 1  7  9  6  3 12  4  2  8 10)( 5 11)
( 1  7  6  3 11)( 2)( 4  8 10  5 12)( 9)
( 1  9  6 12  2  8)( 3  5  4 10 11  7)
( 1  9  3  4  8)( 2 10  7  6 12)( 5)(11)
( 1  9)( 2 12)( 3  8)( 4)( 5)( 6 10)( 7)(11)
( 1  9  7)( 2  4 12)( 3  5  8)( 6 10 11)
( 1  9)( 2 12)( 3 10)( 4  5)( 6  8)( 7 11)
( 1  9 11  3  4 12  2  5 10  7)( 6  8)
( 1  9 11)( 2  5 12)( 3  8  7)( 4 10  6)
( 1  9  3 12  2 10)( 4  5  8  7 11  6)
( 1  9  6  5 10)( 2  8 11  3 12)( 4)( 7)
( 1  9  7  6  5 12  2  4  8 11)( 3 10)
( 1 10  7  5  6 12  3  4 11  8)( 2  9)
( 1 10  8)( 2 11  7)( 3  6 12)( 4  9  5)
( 1 10  2  4 11)( 3  9  7  5 12)( 6)( 8)
( 1 10)( 2 11)( 3 12)( 4)( 5  9)( 6)( 7)( 8)
( 1 10  5  6  9)( 2 12  3 11  8)( 4)( 7)
( 1 10  8  2  4 12  3  6  9  7)( 5 11)
( 1 10  2 12  3  9)( 4  6 11  7  8  5)
( 1 10  7)( 2  6 11)( 3  4 12)( 5  9  8)
( 1 10  5 12  3 11)( 2  6  4  9  8  7)
( 1 10)( 2  9)( 3 12)( 4  6)( 5 11)( 7  8)
( 1 11  8)( 2  7  3)( 4 10  9)( 5  6 12)
( 1 11  9  3  6 12  5  2 10  8)( 4  7)
( 1 11)( 2)( 3  7)( 4 10)( 5 12)( 6)( 8)( 9)
( 1 11  4  2 10)( 3 12  5  7  9)( 6)( 8)
( 1 11  9)( 2 12  5)( 3  7  8)( 4  6 10)
( 1 11  4 12  5  7)( 2  6 10  9  8  3)
( 1 11  8  4  2 12  5  6  7  9)( 3 10)
( 1 11  3  6  7)( 2)( 4 12  5 10  8)( 9)
( 1 11)( 2  6)( 3 10)( 4  7)( 5 12)( 8  9)
( 1 11  3 12  5 10)( 2  7  8  9  4  6)
Group A5 x Z2

N=  13
( 1)( 2)( 3)( 4)( 5)( 6)( 7)( 8)( 9)(10)(11)(12)(13)
( 1)( 2  3)( 4)( 5)( 6  8)( 7  9)(10)(11)(12 13)
( 1)( 2)( 3)( 4  5)( 6  7)( 8  9)(10 11)(12)(13)
( 1)( 2  3)( 4  5)( 6  9)( 7  8)(10 11)(12 13)
Dihedral, Order   4

N=  14
( 1)( 2)( 3)( 4)( 5)( 6)( 7)( 8)( 9)(10)(11)(12)(13)(14)
( 1)( 2)( 3)( 4  6)( 5  7)( 8  9)(10 13)(11 12)(14)
( 1)( 2  3)( 4  5)( 6  7)( 8 12)( 9 11)(10)(13)(14)
( 1)( 2  3)( 4  7)( 5  6)( 8 11)( 9 12)(10 13)(14)
( 1)( 2  7)( 3  4)( 5  6)( 8 10)( 9)(11 13)(12)(14)
( 1)( 2  7  6  3  4  5)( 8  9 10 11 12 13)(14)
( 1)( 2  6)( 3  5)( 4)( 7)( 8 11)( 9 10)(12 13)(14)
( 1)( 2  6  4)( 3  5  7)( 8 10 12)( 9 11 13)(14)
( 1)( 2  5  4  3  6  7)( 8 13 12 11 10  9)(14)
( 1)( 2  5)( 3  6)( 4  7)( 8)( 9 13)(10 12)(11)(14)
( 1)( 2  4  6)( 3  7  5)( 8 12 10)( 9 13 11)(14)
( 1)( 2  4)( 3  7)( 5)( 6)( 8 13)( 9 12)(10 11)(14)
( 1 14)( 2 13)( 3 10)( 4  9)( 5  8)( 6 11)( 7 12)
( 1 14)( 2 13  3 10)( 4 11  7  8)( 5 12  6  9)
( 1 14)( 2 11  5 10  4  9  3  8  6 13  7 12)
( 1 14)( 2 11)( 3  8)( 4 13)( 5 12)( 6  9)( 7 10)
( 1 14)( 2 12  7 13  6  8  3  9  4 10  5 11)
( 1 14)( 2 12)( 3  9)( 4  8)( 5 13)( 6 10)( 7 11)
( 1 14)( 2  8)( 3 11)( 4 10)( 5  9)( 6 12)( 7 13)
( 1 14)( 2  8  5 13  4 12  3 11  6 10  7  9)
( 1 14)( 2  9)( 3 12)( 4 11)( 5 10)( 6 13)( 7  8)
( 1 14)( 2  9  7 10  6 11  3 12  4 13  5  8)
( 1 14)( 2 10  3 13)( 4  8  7 11)( 5  9  6 12)
( 1 14)( 2 10)( 3 13)( 4 12)( 5 11)( 6  8)( 7  9)
Dihedral, Order  24

N=  15
( 1)( 2)( 3)( 4)( 5)( 6)( 7)( 8)( 9)(10)(11)(12)(13)(14)(15)
( 1)( 2)( 3)( 4  7)( 5  6)( 8 11)( 9 10)(12 13)(14)(15)
( 1)( 2  3)( 4  5)( 6  7)( 8  9)(10 11)(12 13)(14 15)
( 1)( 2  3)( 4  6)( 5  7)( 8 10)( 9 11)(12)(13)(14 15)
( 1 12)( 2 10)( 3  8)( 4 14)( 5  7)( 6 15)( 9 11)(13)
( 1 12 13)( 2 10 11  3  8  9)( 4  5 15  6  7 14)
( 1 12)( 2  8)( 3 10)( 4 15)( 5)( 6 14)( 7)( 9)(11)(13)
( 1 12 13)( 2  8 11)( 3 10  9)( 4  7 15)( 5 14  6)
( 1 13)( 2 11)( 3  9)( 4)( 5 14)( 6)( 7 15)( 8)(10)(12)
( 1 13 12)( 2 11  8)( 3  9 10)( 4 15  7)( 5  6 14)
( 1 13 12)( 2  9  8  3 11 10)( 4 14  7  6 15  5)
( 1 13)( 2  9)( 3 11)( 4  6)( 5 15)( 7 14)( 8 10)(12)
Dihedral, Order  12

N=  16
( 1)( 2)( 3)( 4)( 5)( 6)( 7)( 8)( 9)(10)(11)(12)(13)(14)(15)(16)
( 1)( 2)( 3  4)( 5  6)( 7  8)( 9 10)(11 12)(13)(14)(15 16)
( 1  9  7)( 2  5 11)( 3)( 4 13 14)( 6 15  8)(10 16 12)
( 1  9 16  8)( 2  5 15 12)( 3 13 14  4)( 6 11 10  7)
( 1  2)( 3)( 4)( 5  7)( 6  8)( 9 11)(10 12)(13 14)(15)(16)
( 1  2)( 3  4)( 5  8)( 6  7)( 9 12)(10 11)(13 14)(15 16)
( 1  5)( 2  9)( 3)( 4 13)( 6)( 7 11)( 8 15)(10)(12 16)(14)
( 1  5  6)( 2  9 10)( 3 13  4)( 7 15 12)( 8 11 16)(14)
( 1  6)( 2 10)( 3 13)( 4)( 5)( 7 16)( 8 12)( 9)(11 15)(14)
( 1  6  5)( 2 10  9)( 3  4 13)( 7 12 15)( 8 16 11)(14)
( 1  7  9)( 2 11  5)( 3)( 4 14 13)( 6  8 15)(10 12 16)
( 1  7 15 10)( 2 11 16  6)( 3 14 13  4)( 5  8  9 12)
( 1  8 16  9)( 2 12 15  5)( 3  4 14 13)( 6  7 10 11)
( 1  8 10)( 2 12  6)( 3 14 13)( 4)( 5  7 16)( 9 11 15)
( 1 10 15  7)( 2  6 16 11)( 3  4 13 14)( 5 12  9  8)
( 1 10  8)( 2  6 12)( 3 13 14)( 4)( 5 16  7)( 9 15 11)
( 1 11)( 2  7)( 3)( 4 14)( 5  9)( 6 15)( 8)(10 16)(12)(13)
( 1 11 12)( 2  7  8)( 3 14  4)( 5 15 10)( 6  9 16)(13)
( 1 12 11)( 2  8  7)( 3  4 14)( 5 10 15)( 6 16  9)(13)
( 1 12)( 2  8)( 3 14)( 4)( 5 16)( 6 10)( 7)( 9 15)(11)(13)
( 1 15)( 2 16)( 3 13)( 4 14)( 5  9)( 6 11)( 7 10)( 8 12)
( 1 15  2 16)( 3 14  4 13)( 5 11  8 10)( 6  9  7 12)
( 1 16  2 15)( 3 13  4 14)( 5 10  8 11)( 6 12  7  9)
( 1 16)( 2 15)( 3 14)( 4 13)( 5 12)( 6 10)( 7 11)( 8  9)
Group S4

N=  17
( 1)( 2)( 3)( 4)( 5)( 6)( 7)( 8)( 9)(10)(11)(12)(13)(14)(15)(16)(17)
( 1)( 2  4)( 3  5)( 6  7)( 8)( 9)(10 12)(11 13)(14)(15)(16 17)
( 1)( 2  3)( 4  5)( 6)( 7)( 8  9)(10 11)(12 13)(14 15)(16)(17)
( 1)( 2  5)( 3  4)( 6  7)( 8  9)(10 13)(11 12)(14 15)(16 17)
Dihedral, Order   4

N=  18
( 1)( 2)( 3)( 4)( 5)( 6)( 7)( 8)( 9)(10)(11)(12)(13)(14)(15)(16)(17)(18)
( 1 16)( 2 17)( 3 18)( 4 13)( 5 14)( 6 15)( 7 10)( 8 11)( 9 12)
( 1  3  2)( 4  5  6)( 7  9  8)(10 11 12)(13 15 14)(16 17 18)
( 1  2  3)( 4  6  5)( 7  8  9)(10 12 11)(13 14 15)(16 18 17)
( 1 18)( 2 16)( 3 17)( 4 14)( 5 15)( 6 13)( 7 12)( 8 10)( 9 11)
( 1 17)( 2 18)( 3 16)( 4 15)( 5 13)( 6 14)( 7 11)( 8 12)( 9 10)
Dihedral, Order   6

N=  19
( 1)( 2)( 3)( 4)( 5)( 6)( 7)( 8)( 9)(10)(11)(12)(13)(14)(15)(16)(17)(18)(19)
( 1)( 2  3)( 4  5)( 6  7)( 8  9)(10 11)(12 13)(14 15)(16 17)(18 19)
Zyclic, Order   2

N=  20
( 1)( 2)( 3)( 4)( 5)( 6)( 7)( 8)( 9)(10)(11)(12)(13)(14)(15)(16)(17)(18)(19)(20)
( 1 20)( 2 19)( 3 18)( 4 17)( 5 16)( 6 14)( 7 15)( 8 13)( 9 12)(10 11)
( 1)( 2)( 3  4)( 5  8)( 6  7)( 9)(10)(11 12)(13 14)(15 16)(17)(18)(19 20)
( 1  2)( 3  4)( 5  6)( 7  8)( 9 10)(11 12)(13 15)(14 16)(17 18)(19 20)
( 1  2)( 3)( 4)( 5  7)( 6  8)( 9 10)(11)(12)(13 16)(14 15)(17 18)(19)(20)
( 1 20  2 19)( 3 17  4 18)( 5 13  6 15)( 7 14  8 16)( 9 12 10 11)
( 1 19)( 2 20)( 3 17)( 4 18)( 5 14)( 6 16)( 7 13)( 8 15)( 9 11)(10 12)
( 1 19  2 20)( 3 18  4 17)( 5 15  6 13)( 7 16  8 14)( 9 11 10 12)
Dihedral, Order   8

N=  21
( 1)( 2)( 3)( 4)( 5)( 6)( 7)( 8)( 9)(10)(11)(12)(13)(14)(15)(16)(17)(18)(19)(20)(21)
( 1)( 2  3)( 4  5)( 6  7)( 8  9)(10 11)(12 13)(14 15)(16 17)(18 19)(20 21)
Zyclic, Order   2

N=  22
( 1)( 2)( 3)( 4)( 5)( 6)( 7)( 8)( 9)(10)(11)(12)(13)(14)(15)(16)(17)(18)(19)(20)(21)(22)
( 1)( 2  3)( 4  5)( 6  7)( 8  9)(10 11)(12 13)(14 15)(16 17)(18 19)(20 21)(22)
( 1 22)( 2 20)( 3 21)( 4 18)( 5 19)( 6 16)( 7 17)( 8 14)( 9 15)(10 12)(11 13)
( 1 22)( 2 21)( 3 20)( 4 19)( 5 18)( 6 17)( 7 16)( 8 15)( 9 14)(10 13)(11 12)
Dihedral, Order   4

N=  23
( 1)( 2)( 3)( 4)( 5)( 6)( 7)( 8)( 9)(10)(11)(12)(13)(14)(15)(16)(17)(18)(19)(20)(21)(22)(23)
( 1)( 2  3  4)( 5  6  7)( 8  9 10)(11 12 13)(14 15 16)(17 18 19)(20 21 22)(23)
( 1)( 2  4  3)( 5  7  6)( 8 10  9)(11 13 12)(14 16 15)(17 19 18)(20 22 21)(23)
( 1 23)( 2 22)( 3 21)( 4 20)( 5 19)( 6 18)( 7 17)( 8 16)( 9 15)(10 14)(11)(12 13)
( 1 23)( 2 20)( 3 22)( 4 21)( 5 17)( 6 19)( 7 18)( 8 14)( 9 16)(10 15)(11 12)(13)
( 1 23)( 2 21)( 3 20)( 4 22)( 5 18)( 6 17)( 7 19)( 8 15)( 9 14)(10 16)(11 13)(12)
Dihedral, Order   6

N=  24
( 1)( 2)( 3)( 4)( 5)( 6)( 7)( 8)( 9)(10)(11)(12)(13)(14)(15)(16)(17)(18)(19)(20)(21)(22)(23)(24)
( 1  2)( 3  4)( 5  6)( 7  8)( 9 10)(11 12)(13 14)(15 16)(17 18)(19 20)(21 22)(23 24)
( 1 23)( 2 24)( 3 21)( 4 22)( 5 19)( 6 20)( 7 17)( 8 18)( 9 15)(10 16)(11 13)(12 14)
( 1 24)( 2 23)( 3 22)( 4 21)( 5 20)( 6 19)( 7 18)( 8 17)( 9 16)(10 15)(11 14)(12 13)
Dihedral, Order   4

N=  25
( 1)( 2)( 3)( 4)( 5)( 6)( 7)( 8)( 9)(10)(11)(12)(13)(14)(15)(16)(17)(18)(19)(20)(21)(22)(23)(24)(25)
( 1)( 2  3)( 4  5)( 6  7)( 8  9)(10 11)(12 13)(14 15)(16 17)(18 19)(20 21)(22 23)(24 25)
Zyclic, Order   2

N=  26
( 1)( 2)( 3)( 4)( 5)( 6)( 7)( 8)( 9)(10)(11)(12)(13)(14)(15)(16)(17)(18)(19)(20)(21)(22)(23)(24)(25)(26)
( 1  2)( 3  4)( 5  6)( 7  8)( 9 10)(11 12)(13 14)(15 16)(17 18)(19 20)(21 22)(23 24)(25 26)
Zyclic, Order   2

N=  27
( 1)( 2)( 3)( 4)( 5)( 6)( 7)( 8)( 9)(10)(11)(12)(13)(14)(15)(16)(17)(18)(19)(20)(21)(22)(23)(24)(25)(26)(27)
( 1)( 2)( 3  4)( 5  6)( 7 11)( 8 10)( 9)(12)(13 16)(14 15)(17 21)(18 20)(19)(22)(23 26)(24 25)(27)
( 1)( 2  3)( 4  5)( 6)( 7)( 8 11)( 9 10)(12 13)(14 16)(15)(17)(18 21)(19 20)(22 23)(24 26)(25)(27)
( 1)( 2  3  5  6  4)( 7  8  9 10 11)(12 13 14 15 16)(17 18 19 20 21)(22 23 24 25 26)(27)
( 1)( 2  5)( 3)( 4  6)( 7  8)( 9 11)(10)(12 14)(13)(15 16)(17 18)(19 21)(20)(22 24)(23)(25 26)(27)
( 1)( 2  5  4  3  6)( 7  9 11  8 10)(12 14 16 13 15)(17 19 21 18 20)(22 24 26 23 25)(27)
( 1)( 2  6)( 3  5)( 4)( 7  9)( 8)(10 11)(12 15)(13 14)(16)(17 19)(18)(20 21)(22 25)(23 24)(26)(27)
( 1)( 2  6  3  4  5)( 7 10  8 11  9)(12 15 13 16 14)(17 20 18 21 19)(22 25 23 26 24)(27)
( 1)( 2  4  6  5  3)( 7 11 10  9  8)(12 16 15 14 13)(17 21 20 19 18)(22 26 25 24 23)(27)
( 1)( 2  4)( 3  6)( 5)( 7 10)( 8  9)(11)(12 16)(13 15)(14)(17 20)(18 19)(21)(22 26)(23 25)(24)(27)
( 1 27)( 2 22)( 3 23)( 4 26)( 5 24)( 6 25)( 7 17)( 8 18)( 9 19)(10 20)(11 21)(12)(13)(14)(15)(16)
( 1 27)( 2 22)( 3 26)( 4 23)( 5 25)( 6 24)( 7 21)( 8 20)( 9 19)(10 18)(11 17)(12)(13 16)(14 15)
( 1 27)( 2 23)( 3 22)( 4 24)( 5 26)( 6 25)( 7 17)( 8 21)( 9 20)(10 19)(11 18)(12 13)(14 16)(15)
( 1 27)( 2 23  5 25  4 22  3 24  6 26)( 7 18  9 20 11 17  8 19 10 21)(12 13 14 15 16)
( 1 27)( 2 24)( 3 23)( 4 25)( 5 22)( 6 26)( 7 18)( 8 17)( 9 21)(10 20)(11 19)(12 14)(13)(15 16)
( 1 27)( 2 24  4 23  6 22  5 26  3 25)( 7 19 11 18 10 17  9 21  8 20)(12 14 16 13 15)
( 1 27)( 2 25)( 3 24)( 4 26)( 5 23)( 6 22)( 7 19)( 8 18)( 9 17)(10 21)(11 20)(12 15)(13 14)(16)
( 1 27)( 2 25  3 26  5 22  6 23  4 24)( 7 20  8 21  9 17 10 18 11 19)(12 15 13 16 14)
( 1 27)( 2 26  6 24  3 22  4 25  5 23)( 7 21 10 19  8 17 11 20  9 18)(12 16 15 14 13)
( 1 27)( 2 26)( 3 25)( 4 22)( 5 24)( 6 23)( 7 20)( 8 19)( 9 18)(10 17)(11 21)(12 16)(13 15)(14)
Dihedral, Order  20

N=  28
( 1)( 2)( 3)( 4)( 5)( 6)( 7)( 8)( 9)(10)(11)(12)(13)(14)(15)(16)(17)(18)(19)(20)(21)(22)(23)(24)(25)(26)(27)(28)
( 1 18)( 2 25)( 3 21)( 4 10)( 5 16)( 6 27)( 7 12)( 8 22)( 9 23)(11 28)(13 14)(15 26)(17 19)(20 24)
( 1 19 18)( 2 24 21)( 3 22 10)( 4  9 25)( 5 15 27)( 6 28 12)( 7 13 16)( 8 20 23)(11 26 14)(17)
( 1 17 18)( 2 23 10)( 3 20 25)( 4  8 21)( 5 14 12)( 6 26 16)( 7 11 27)( 9 24 22)(13 15 28)(19)
( 1)( 2  3  4)( 5  6  7)( 8  9 10)(11 13 12)(14 15 16)(17 19 18)(20 22 21)(23 24 25)(26 28 27)
( 1)( 2  4  3)( 5  7  6)( 8 10  9)(11 12 13)(14 16 15)(17 18 19)(20 21 22)(23 25 24)(26 27 28)
( 1 17)( 2  8)( 3 23)( 4 20)( 5 11)( 6 14)( 7 26)( 9 21)(10 24)(12 15)(13 27)(16 28)(18 19)(22 25)
( 1 19 17)( 2  9 20)( 3 24  8)( 4 22 23)( 5 13 26)( 6 15 11)( 7 28 14)(10 25 21)(12 16 27)(18)
( 1 18 17)( 2 10 23)( 3 25 20)( 4 21  8)( 5 12 14)( 6 16 26)( 7 27 11)( 9 22 24)(13 28 15)(19)
( 1 17 19)( 2 20  9)( 3  8 24)( 4 23 22)( 5 26 13)( 6 11 15)( 7 14 28)(10 21 25)(12 27 16)(18)
( 1 18 19)( 2 21 24)( 3 10 22)( 4 25  9)( 5 27 15)( 6 12 28)( 7 16 13)( 8 23 20)(11 14 26)(17)
( 1 19)( 2 22)( 3  9)( 4 24)( 5 28)( 6 13)( 7 15)( 8 25)(10 20)(11 16)(12 26)(14 27)(17 18)(21 23)
Group A4

N=  29
( 1)( 2)( 3)( 4)( 5)( 6)( 7)( 8)( 9)(10)(11)(12)(13)(14)(15)(16)(17)(18)(19)(20)(21)(22)(23)(24)(25)(26)(27)(28)(29)
( 1)( 2  3  4)( 5  6  7)( 8  9 10)(11 12 13)(14 15 16)(17 18 19)(20 21 22)(23 24 25)(26 27 28)(29)
( 1)( 2  4  3)( 5  7  6)( 8 10  9)(11 13 12)(14 16 15)(17 19 18)(20 22 21)(23 25 24)(26 28 27)(29)
( 1 29)( 2 26)( 3 28)( 4 27)( 5 23)( 6 25)( 7 24)( 8 20)( 9 22)(10 21)(11 17)(12 19)(13 18)(14)(15 16)
( 1 29)( 2 27)( 3 26)( 4 28)( 5 24)( 6 23)( 7 25)( 8 21)( 9 20)(10 22)(11 18)(12 17)(13 19)(14 15)(16)
( 1 29)( 2 28)( 3 27)( 4 26)( 5 25)( 6 24)( 7 23)( 8 22)( 9 21)(10 20)(11 19)(12 18)(13 17)(14 16)(15)
Dihedral, Order   6

N=  30
( 1)( 2)( 3)( 4)( 5)( 6)( 7)( 8)( 9)(10)(11)(12)(13)(14)(15)(16)(17)(18)(19)(20)(21)(22)(23)(24)(25)(26)(27)(28)(29)(30)
( 1  2)( 3  4)( 5  6)( 7  8)( 9 10)(11 12)(13 14)(15 16)(17 18)(19 20)(21 22)(23 24)(25 26)(27 28)(29 30)
Zyclic, Order   2

N=  31
( 1)( 2)( 3)( 4)( 5)( 6)( 7)( 8)( 9)(10)(11)(12)(13)(14)(15)(16)(17)(18)(19)(20)(21)(22)(23)(24)(25)(26)(27)(28)(29)(30)(31)
( 1)( 2  4)( 3)( 5  7)( 6)( 8  9)(10 12)(11 13)(14)(15 16)(17 19)(18)(20 25)(21 22)(23 24)(26)(27 28)(29 30)(31)
( 1)( 2)( 3  4)( 5  6)( 7)( 8 13)( 9 12)(10 11)(14 15)(16)(17)(18 19)(20 22)(21 23)(24 25)(26 28)(27)(29 31)(30)
( 1)( 2  3  4)( 5  7  6)( 8 12 11)( 9 13 10)(14 15 16)(17 18 19)(20 24 21)(22 23 25)(26 28 27)(29 30 31)
( 1)( 2  4  3)( 5  6  7)( 8 11 12)( 9 10 13)(14 16 15)(17 19 18)(20 21 24)(22 25 23)(26 27 28)(29 31 30)
( 1)( 2  3)( 4)( 5)( 6  7)( 8 10)( 9 11)(12 13)(14 16)(15)(17 18)(19)(20 23)(21 25)(22 24)(26 27)(28)(29)(30 31)
Dihedral, Order   6

N=  32
( 1)( 2)( 3)( 4)( 5)( 6)( 7)( 8)( 9)(10)(11)(12)(13)(14)(15)(16)(17)(18)(19)(20)(21)(22)(23)(24)(25)(26)(27)(28)(29)(30)(31)(32)
( 1)( 2  4)( 3)( 5  6)( 7)( 8 12)( 9 11)(10 13)(14 15)(16)(17 19)(18)(20 24)(21 23)(22 25)(26 28)(27)(29 30)(31)(32)
( 1)( 2)( 3  4)( 5  7)( 6)( 8 13)( 9 12)(10 11)(14 16)(15)(17)(18 19)(20 25)(21 24)(22 23)(26)(27 28)(29 31)(30)(32)
( 1)( 2  3  4)( 5  6  7)( 8  9 10)(11 12 13)(14 15 16)(17 18 19)(20 21 22)(23 24 25)(26 27 28)(29 30 31)(32)
( 1)( 2  3)( 4)( 5)( 6  7)( 8 11)( 9 13)(10 12)(14)(15 16)(17 18)(19)(20 23)(21 25)(22 24)(26 27)(28)(29)(30 31)(32)
( 1)( 2  4  3)( 5  7  6)( 8 10  9)(11 13 12)(14 16 15)(17 19 18)(20 22 21)(23 25 24)(26 28 27)(29 31 30)(32)
( 1 32)( 2 29  3 30  4 31)( 5 27  6 28  7 26)( 8 23  9 24 10 25)(11 21 12 22 13 20)(14 18 15 19 16 17)
( 1 32)( 2 31)( 3 30)( 4 29)( 5 28)( 6 27)( 7 26)( 8 22)( 9 21)(10 20)(11 24)(12 23)(13 25)(14 19)(15 18)(16 17)
( 1 32)( 2 30)( 3 31)( 4 29)( 5 28)( 6 26)( 7 27)( 8 24)( 9 25)(10 23)(11 22)(12 20)(13 21)(14 19)(15 17)(16 18)
( 1 32)( 2 29)( 3 31)( 4 30)( 5 26)( 6 28)( 7 27)( 8 20)( 9 22)(10 21)(11 25)(12 24)(13 23)(14 17)(15 19)(16 18)
( 1 32)( 2 31  4 30  3 29)( 5 26  7 28  6 27)( 8 25 10 24  9 23)(11 20 13 22 12 21)(14 17 16 19 15 18)
( 1 32)( 2 30)( 3 29)( 4 31)( 5 27)( 6 26)( 7 28)( 8 21)( 9 20)(10 22)(11 23)(12 25)(13 24)(14 18)(15 17)(16 19)
( 1 12)( 2 19)( 3 15)( 4)( 5 24)( 6)( 7 10)( 8 28)( 9)(11 21)(13 22)(14 30)(16)(17 31)(18)(20 32)(23 27)(25)(26)(29)
( 1 12 28 26  8)( 2  4 19 31 17)( 3 15 30 29 14)( 5  6 24 32 20)( 7 10 22 25 13)( 9 21 27 23 11)(16)(18)
( 1 12  7  6 10)( 2 15 16  3 19)( 4)( 5 24 13  9 22)( 8 21 25 11 28)(14 30 17 18 31)(20 27 26 23 32)(29)
( 1 12 21 32 20 13)( 2  4 15 30 29 17)( 3 19 18 31 14 16)( 5 10  9 28 23 25)( 6 24 27 26  8  7)(11 22)
( 1 12  9)( 2 19 18)( 3  4 15)( 5 10 21)( 6)( 7 24 11)( 8 22 27)(13 28 23)(14 16 30)(17 31 29)(20 25 32)(26)
( 1 12 22 32 20 11)( 2 15 16 30 17 18)( 3  4 19 31 29 14)( 5  6 10 28 26 23)( 7 24 25 27  8  9)(13 21)
( 1  5  8 13  7)( 2)( 3 14 17 16  4)( 6 11 20 25 10)( 9 23 26 22 12)(15 18 29 31 19)(21 27 32 28 24)(30)
( 1  5 11 23 27 32 28 22 10  7)( 2  3 14 18 29 30 31 19 16  4)( 6  8  9 20 21 26 24 25 12 13)(15 17)
( 1  5 11  9  6)( 2 14 18 15  4)( 3)( 7  8 23 21 12)(10 13 20 27 24)(16 17 29 30 19)(22 25 26 32 28)(31)
( 1  5)( 2)( 3)( 4 14)( 6 11)( 7  8)( 9)(10 20)(12 23)(13)(15 18)(16 17)(19 29)(21)(22 26)(24 27)(25)(28 32)(30)(31)
( 1  5  8 20 26 32 28 24 12  6)( 2 14 17 29 31 30 19 15  4  3)( 7 11 13 23 25 27 22 21 10  9)(16 18)
( 1  5)( 2  3)( 4 14)( 6  8)( 7 11)( 9 13)(10 23)(12 20)(15 17)(16 18)(19 29)(21 25)(22 27)(24 26)(28 32)(30 31)
( 1  6 12 10  7)( 2  3 15 19 16)( 4)( 5  9 24 22 13)( 8 11 21 28 25)(14 18 30 31 17)(20 23 27 32 26)(29)
( 1  6  9 21 27 32 26 25 13  7)( 2  4  3 15 18 30 29 31 17 16)( 5 12 11 24 23 28 20 22  8 10)(14 19)
( 1  6)( 2 15)( 3  4)( 5 12)( 7  9)( 8 24)(10 11)(13 21)(14 19)(16 18)(17 30)(20 28)(22 23)(25 27)(26 32)(29 31)
( 1  6 12 24 28 32 26 20  8  5)( 2  3  4 15 19 30 31 29 17 14)( 7  9 10 21 22 27 25 23 13 11)(16 18)
( 1  6)( 2 15)( 3)( 4)( 5  9)( 7 12)( 8 21)(10)(11)(13 24)(14 18)(16 19)(17 30)(20 27)(22)(23)(25 28)(26 32)(29)(31)
( 1  6  9 11  5)( 2  4 15 18 14)( 3)( 7 12 21 23  8)(10 24 27 20 13)(16 19 30 29 17)(22 28 32 26 25)(31)
( 1  7)( 2)( 3 16)( 4)( 5 13)( 6 10)( 8)( 9 22)(11 25)(12)(14 17)(15 19)(18 31)(20)(21 28)(23 26)(24)(27 32)(29)(30)
( 1  7)( 2  4)( 3 16)( 5 10)( 6 13)( 8 12)( 9 25)(11 22)(14 19)(15 17)(18 31)(20 24)(21 26)(23 28)(27 32)(29 30)
( 1  7 13 25 26 32 27 21  9  6)( 2 16 17 31 29 30 18 15  3  4)( 5 10  8 22 20 28 23 24 11 12)(14 19)
( 1  7 13  8  5)( 2)( 3  4 16 17 14)( 6 10 25 20 11)( 9 12 22 26 23)(15 19 31 29 18)(21 24 28 32 27)(30)
( 1  7 10 12  6)( 2 16 19 15  3)( 4)( 5 13 22 24  9)( 8 25 28 21 11)(14 17 31 30 18)(20 26 32 27 23)(29)
( 1  7 10 22 28 32 27 23 11  5)( 2  4 16 19 31 30 29 18 14  3)( 6 13 12 25 24 26 21 20  9  8)(15 17)
( 1  8 26 28 12)( 2 17 31 19  4)( 3 14 29 30 15)( 5 20 32 24  6)( 7 13 25 22 10)( 9 11 23 27 21)(16)(18)
( 1  8)( 2)( 3 14)( 4 17)( 5)( 6 20)( 7 13)( 9 23)(10 25)(11)(12 26)(15 29)(16)(18)(19 31)(21 27)(22)(24 32)(28)(30)
( 1  8 23 32 24 10)( 2 14 29 30 19  4)( 3 17 18 31 15 16)( 5 20 27 28 12  7)( 6 13 11 26 21 22)( 9 25)
( 1  8  7  5 13)( 2)( 3 17  4 14 16)( 6 20 10 11 25)( 9 26 12 23 22)(15 29 19 18 31)(21 32 24 27 28)(30)
( 1  8 25 32 24  9)( 2 17 31 30 15  3)( 4 14 16 29 19 18)( 5 13 26 28 21  6)( 7 20 22 27 12 11)(10 23)
( 1  8 11)( 2 14  3)( 4 17 18)( 5)( 6 13 23)( 7 20  9)(10 26 21)(12 25 27)(15 16 29)(19 31 30)(22 32 24)(28)
( 1  9 23 32 25 10)( 2 15 14 30 17 19)( 3 18 29 31 16  4)( 5 21 20 28 13 12)( 6 11 27 26 22  7)( 8 24)
( 1  9 27 26 13)( 2  3 18 29 17)( 4 15 30 31 16)( 5 11 23 20  8)( 6 21 32 25  7)(10 12 24 28 22)(14)(19)
( 1  9 12)( 2 18 19)( 3 15  4)( 5 21 10)( 6)( 7 11 24)( 8 27 22)(13 23 28)(14 30 16)(17 29 31)(20 32 25)(26)
( 1  9 24 32 25  8)( 2  3 15 30 31 17)( 4 18 19 29 16 14)( 5  6 21 28 26 13)( 7 11 12 27 22 20)(10 23)
( 1  9)( 2 18)( 3)( 4 15)( 5 11)( 6)( 7 21)( 8 23)(10 24)(12)(13 27)(14)(16 30)(17 29)(19)(20)(22 28)(25 32)(26)(31)
( 1  9  5  6 11)( 2 15 14  4 18)( 3)( 7 21  8 12 23)(10 27 13 24 20)(16 30 17 19 29)(22 32 25 28 26)(31)
( 1 10)( 2 16)( 3 19)( 4)( 5 22)( 6 12)( 7)( 8 25)( 9 24)(11 28)(13)(14 31)(15)(17)(18 30)(20 26)(21)(23 32)(27)(29)
( 1 10 13)( 2  4 16)( 3 19 17)( 5 12 25)( 6 22  8)( 7)( 9 28 20)(11 24 26)(14 15 31)(18 30 29)(21 32 23)(27)
( 1 10  6  7 12)( 2 19  3 16 15)( 4)( 5 22  9 13 24)( 8 28 11 25 21)(14 31 18 17 30)(20 32 23 26 27)(29)
( 1 10 24 32 23  8)( 2  4 19 30 29 14)( 3 16 15 31 18 17)( 5  7 12 28 27 20)( 6 22 21 26 11 13)( 9 25)
( 1 10 25 32 23  9)( 2 19 17 30 14 15)( 3  4 16 31 29 18)( 5 12 13 28 20 21)( 6  7 22 26 27 11)( 8 24)
( 1 10 28 27 11)( 2 16 31 29 14)( 3  4 19 30 18)( 5  7 22 32 23)( 6 12 24 21  9)( 8 13 25 26 20)(15)(17)
( 1 11 27 28 10)( 2 14 29 31 16)( 3 18 30 19  4)( 5 23 32 22  7)( 6  9 21 24 12)( 8 20 26 25 13)(15)(17)
( 1 11 21 32 22 13)( 2  3 18 30 31 16)( 4 14 15 29 19 17)( 5  9 27 28 25  7)( 6 23 24 26 10  8)(12 20)
( 1 11 20 32 22 12)( 2 18 17 30 16 15)( 3 14 29 31 19  4)( 5 23 26 28 10  6)( 7  9  8 27 25 24)(13 21)
( 1 11  8)( 2  3 14)( 4 18 17)( 5)( 6 23 13)( 7  9 20)(10 21 26)(12 27 25)(15 29 16)(19 30 31)(22 24 32)(28)
( 1 11  6  5  9)( 2 18  4 14 15)( 3)( 7 23 12  8 21)(10 20 24 13 27)(16 29 19 17 30)(22 26 28 25 32)(31)
( 1 11)( 2 14)( 3)( 4 18)( 5)( 6  9)( 7 23)( 8)(10 27)(12 21)(13 20)(15)(16 29)(17)(19 30)(22 32)(24)(25 26)(28)(31)
( 1 13 10)( 2 16  4)( 3 17 19)( 5 25 12)( 6  8 22)( 7)( 9 20 28)(11 26 24)(14 31 15)(18 29 30)(21 23 32)(27)
( 1 13)( 2)( 3 17)( 4 16)( 5  8)( 6 25)( 7)( 9 26)(10)(11 20)(12 22)(14)(15 31)(18 29)(19)(21 32)(23)(24 28)(27)(30)
( 1 13 20 32 21 12)( 2 17 29 30 15  4)( 3 16 14 31 18 19)( 5 25 23 28  9 10)( 6  7  8 26 27 24)(11 22)
( 1 13  5  7  8)( 2)( 3 16 14  4 17)( 6 25 11 10 20)( 9 22 23 12 26)(15 31 18 19 29)(21 28 27 24 32)(30)
( 1 13 26 27  9)( 2 17 29 18  3)( 4 16 31 30 15)( 5  8 20 23 11)( 6  7 25 32 21)(10 22 28 24 12)(14)(19)
( 1 13 22 32 21 11)( 2 16 31 30 18  3)( 4 17 19 29 15 14)( 5  7 25 28 27  9)( 6  8 10 26 24 23)(12 20)
( 1 20 22)( 2 17 16)( 3 29 19)( 4 14 31)( 5 26 10)( 6 23 28)( 7  8 25)( 9 27 24)(11 32 12)(13)(15 18 30)(21)
( 1 20  9 32 12 25)( 2 14 18 30 19 16)( 3 29 15 31  4 17)( 5 23 21 28 10 13)( 6 26)( 7  8 11 27 24 22)
( 1 20)( 2 14)( 3 17)( 4 29)( 5  8)( 6 26)( 7 23)( 9 25)(10 27)(11 13)(12 32)(15 31)(16 18)(19 30)(21 22)(24 28)
( 1 20 28  6  8 32 12  5 26 24)( 2 29 19  3 17 30  4 14 31 15)( 7 23 22  9 13 27 10 11 25 21)(16 18)
( 1 20 21)( 2 29 15)( 3 14 18)( 4 17 30)( 5 23  9)( 6  8 27)( 7 26 24)(10 25 28)(11)(12 13 32)(16 31 19)(22)
( 1 20  7 26 10 32 12 27  6 23)( 2 17 16 31 19 30 15 18  3 14)( 4 29)( 5  8 13 25 22 28 24 21  9 11)
( 1 21 22)( 2 18 31)( 3 30 16)( 4 15 19)( 5 27 25)( 6 24 10)( 7  9 28)( 8 23 26)(11 32 13)(12)(14 29 17)(20)
( 1 21 26  7  9 32 13  6 27 25)( 2 15 29 16  3 30 17  4 18 31)( 5 24 20 10 11 28  8 12 23 22)(14 19)
( 1 21 20)( 2 15 29)( 3 18 14)( 4 30 17)( 5  9 23)( 6 27  8)( 7 24 26)(10 28 25)(11)(12 32 13)(16 19 31)(22)
( 1 21  5 27  8 32 13 28  7 24)( 2 30)( 3 18 14 29 17 31 16 19  4 15)( 6  9 11 23 20 26 25 22 10 12)
( 1 21)( 2 30)( 3 15)( 4 18)( 5 24)( 6  9)( 7 27)( 8 28)(10 23)(11 12)(13 32)(14 19)(16 29)(17 31)(20 22)(25 26)
( 1 21 10 32 13 23)( 2 18  4 30 16 29)( 3 15 19 31 17 14)( 5  9 12 28 25 20)( 6 24 22 26  8 11)( 7 27)
( 1 22)( 2 19)( 3 31)( 4 16)( 5 28)( 6 25)( 7 10)( 8 24)( 9 26)(11 32)(12 13)(14 30)(15 17)(18 29)(20 21)(23 27)
( 1 22  6 28  9 32 11 26  5 25)( 2 16  4 19 15 30 18 29 14 17)( 3 31)( 7 10 12 24 21 27 23 20  8 13)
( 1 22 20)( 2 16 17)( 3 19 29)( 4 31 14)( 5 10 26)( 6 28 23)( 7 25  8)( 9 24 27)(11 12 32)(13)(15 30 18)(21)
( 1 22  8 32 11 24)( 2 31 14 30  3 19)( 4 16 17 29 18 15)( 5 28)( 6 10 13 26 23 21)( 7 25 20 27  9 12)
( 1 22 21)( 2 31 18)( 3 16 30)( 4 19 15)( 5 25 27)( 6 10 24)( 7 28  9)( 8 26 23)(11 13 32)(12)(14 17 29)(20)
( 1 22 27  5 10 32 11  7 28 23)( 2 19 29  3 16 30 14  4 31 18)( 6 25 21  8 12 26  9 13 24 20)(15 17)
( 1 23 28  7 11 32 10  5 27 22)( 2 18 31  4 14 30 16  3 29 19)( 6 20 24 13  9 26 12  8 21 25)(15 17)
( 1 23 25)( 2 14 17)( 3 29 16)( 4 18 31)( 5 20 13)( 6 27 22)( 7 11 26)( 8)( 9 32 10)(12 21 28)(15 30 19)(24)
( 1 23  6 27 12 32 10 26  7 20)( 2 14  3 18 15 30 19 31 16 17)( 4 29)( 5 11  9 21 24 28 22 25 13  8)
( 1 23 24)( 2 29 19)( 3 18 15)( 4 14 30)( 5 27 12)( 6 11 21)( 7 20 28)( 8 32 10)( 9)(13 26 22)(16 17 31)(25)
( 1 23 13 32 10 21)( 2 29 16 30  4 18)( 3 14 17 31 19 15)( 5 20 25 28 12  9)( 6 11  8 26 22 24)( 7 27)
( 1 23)( 2 18)( 3 14)( 4 29)( 5 11)( 6 20)( 7 27)( 8  9)(10 32)(12 26)(13 21)(15 17)(16 30)(19 31)(22 28)(24 25)
( 1 24 11 32  8 22)( 2 19  3 30 14 31)( 4 15 18 29 17 16)( 5 28)( 6 21 23 26 13 10)( 7 12  9 27 20 25)
( 1 24 25)( 2 15 31)( 3 30 17)( 4 19 16)( 5 21 26)( 6 28 13)( 7 12 22)( 8  9 32)(10)(11 27 20)(14 18 29)(23)
( 1 24 26  5 12 32  8  6 28 20)( 2 15 31 14  4 30 17  3 19 29)( 7 21 25 11 10 27 13  9 22 23)(16 18)
( 1 24)( 2 30)( 3 19)( 4 15)( 5 28)( 6 12)( 7 21)( 8 32)( 9 10)(11 22)(13 27)(14 31)(16 18)(17 29)(20 26)(23 25)
( 1 24  7 28 13 32  8 27  5 21)( 2 30)( 3 15  4 19 16 31 17 29 14 18)( 6 12 10 22 25 26 20 23 11  9)
( 1 24 23)( 2 19 29)( 3 15 18)( 4 30 14)( 5 12 27)( 6 21 11)( 7 28 20)( 8 10 32)( 9)(13 22 26)(16 31 17)(25)
( 1 25  5 26 11 32  9 28  6 22)( 2 17 14 29 18 30 15 19  4 16)( 3 31)( 7 13  8 20 23 27 21 24 12 10)
( 1 25)( 2 16)( 3 31)( 4 17)( 5 22)( 6 26)( 7 13)( 8 10)( 9 32)(11 28)(12 20)(14 19)(15 29)(18 30)(21 27)(23 24)
( 1 25 12 32  9 20)( 2 16 19 30 18 14)( 3 17  4 31 15 29)( 5 13 10 28 21 23)( 6 26)( 7 22 24 27 11  8)
( 1 25 24)( 2 31 15)( 3 17 30)( 4 16 19)( 5 26 21)( 6 13 28)( 7 22 12)( 8 32  9)(10)(11 20 27)(14 29 18)(23)
( 1 25 27  6 13 32  9  7 26 21)( 2 31 18  4 17 30  3 16 29 15)( 5 22 23 12  8 28 11 10 20 24)(14 19)
( 1 25 23)( 2 17 14)( 3 16 29)( 4 31 18)( 5 13 20)( 6 22 27)( 7 26 11)( 8)( 9 10 32)(12 28 21)(15 19 30)(24)
( 1 26 12  8 28)( 2 31  4 17 19)( 3 29 15 14 30)( 5 32  6 20 24)( 7 25 10 13 22)( 9 23 21 11 27)(16)(18)
( 1 26)( 2 17)( 3 29)( 4 31)( 5 20)( 6 32)( 7 25)( 8)( 9 27)(10 22)(11 23)(12 28)(13)(14)(15 30)(16)(18)(19)(21)(24)
( 1 26  9 22  5 32  6 25 11 28)( 2 29 15 16 14 30  4 17 18 19)( 3 31)( 7 20 21 10  8 27 12 13 23 24)
( 1 26)( 2 17)( 3 31)( 4 29)( 5 25)( 6 32)( 7 20)( 8 13)( 9 28)(10 23)(11 22)(12 27)(14 16)(15 30)(18 19)(21 24)
( 1 26  9 13 27)( 2 29  3 17 18)( 4 31 15 16 30)( 5 20 11  8 23)( 6 25 21  7 32)(10 28 12 22 24)(14)(19)
( 1 26 12 23  7 32  6 20 10 27)( 2 31 15 14 16 30  3 17 19 18)( 4 29)( 5 25 24 11 13 28  9  8 22 21)
( 1 27 10 11 28)( 2 29 16 14 31)( 3 30  4 18 19)( 5 32  7 23 22)( 6 21 12  9 24)( 8 26 13 20 25)(15)(17)
( 1 27 10 20  6 32  7 23 12 26)( 2 18 19 17  3 30 16 14 15 31)( 4 29)( 5 21 22  8  9 28 13 11 24 25)
( 1 27 13 24  5 32  7 21  8 28)( 2 30)( 3 29 16 15 14 31  4 18 17 19)( 6 23 25 12 11 26 10  9 20 22)
( 1 27 13  9 26)( 2 18 17  3 29)( 4 30 16 15 31)( 5 23  8 11 20)( 6 32  7 21 25)(10 24 22 12 28)(14)(19)
( 1 27)( 2 30)( 3 18)( 4 29)( 5 21)( 6 23)( 7 32)( 8 24)( 9 11)(10 26)(12 20)(13 28)(14 15)(16 31)(17 19)(22 25)
( 1 27)( 2 29)( 3 18)( 4 30)( 5 23)( 6 21)( 7 32)( 8 20)( 9)(10 28)(11)(12 24)(13 26)(14)(15)(16 31)(17)(19)(22)(25)
( 1 28)( 2 31)( 3 30)( 4 19)( 5 32)( 6 24)( 7 22)( 8 26)( 9 21)(10)(11 27)(12)(13 25)(14 29)(15)(16)(17)(18)(20)(23)
( 1 28  8 12 26)( 2 19 17  4 31)( 3 30 14 15 29)( 5 24 20  6 32)( 7 22 13 10 25)( 9 27 11 21 23)(16)(18)
( 1 28)( 2 30)( 3 31)( 4 19)( 5 32)( 6 22)( 7 24)( 8 27)( 9 25)(10 12)(11 26)(13 21)(14 29)(15 16)(17 18)(20 23)
( 1 28 11 25  6 32  5 22  9 26)( 2 19 18 17  4 30 14 16 15 29)( 3 31)( 7 24 23 13 12 27  8 10 21 20)
( 1 28 11 10 27)( 2 31 14 16 29)( 3 19 18  4 30)( 5 22 23  7 32)( 6 24  9 12 21)( 8 25 20 13 26)(15)(17)
( 1 28  8 21  7 32  5 24 13 27)( 2 30)( 3 19 17 18  4 31 14 15 16 29)( 6 22 20  9 10 26 11 12 25 23)
Group A5 x Z2
